"id","non_teaching_staff","teaching_staff","total"
"54847","30","23","53"
"53655","4","18","22"
"46770","2","6","8"
"48532","0","3","3"
"43829","0","2","2"
"55290","143","37","180"
"52015","2","4","6"
"48796","18","47","65"
"55459","6","16","22"
"42229","2","6","8"
"49059","10","28","38"
"53033","1","0","1"
"53816","89","50","139"
"55611","9","7","16"
"44161","22","39","61"
"45090","16","23","39"
"50289","3","12","15"
"49303","10","8","18"
"55456","4","13","17"
"46379","5","10","15"
"45088","8","14","22"
"46564","2","4","6"
"54370","3","4","7"
"54793","1","1","2"
"43200","10","16","26"
"44540","3","3","6"
"55808","8","0","8"
"49438","4","6","10"
"50262","2","23","25"
"50536","0","6","6"
"55012","1","0","1"
"48833","0","1","1"
"48678","9","14","23"
"54816","258","245","503"
"43551","3","3","6"
"51791","6","38","44"
"47644","2","3","5"
"54683","0","2","2"
"52315","3","0","3"
"54731","18","9","27"
"46002","3","4","7"
"46264","11","19","30"
"47506","32","34","66"
"54803","11","61","72"
"55380","4","0","4"
"45787","0","10","10"
"45341","12","10","22"
"44610","6","12","18"
"49552","0","3","3"
"44281","7","10","17"
"53697","3","0","3"
"52487","6","1","7"
"42124","21","16","37"
"54940","7","8","15"
"42629","3","11","14"
"46557","6","0","6"
"45214","6","6","12"
"44913","0","2","2"
"50405","14","25","39"
"42222","1","4","5"
"48195","5","11","16"
"49666","1","0","1"
"44818","0","14","14"
"45688","2","2","4"
"45912","3","5","8"
"52334","1","1","2"
"54121","6","4","10"
"50104","11","25","36"
"45863","4","6","10"
"48795","4","4","8"
"51458","12","64","76"
"43143","6","20","26"
"52736","187","151","338"
"55313","10","16","26"
"51890","2","1","3"
"53104","1","3","4"
"53450","8","6","14"
"47469","1","0","1"
"47905","6","8","14"
"45871","13","20","33"
"49070","3","8","11"
"47213","34","27","61"
"49056","10","10","20"
"45585","3","60","63"
"53030","28","16","44"
"54922","3","6","9"
"45060","5","6","11"
"42674","0","1","1"
"51011","3","0","3"
"51517","0","2","2"
"47092","0","1","1"
"52772","0","2","2"
"55832","8","8","16"
"48990","5","5","10"
"52995","2","0","2"
"48097","0","4","4"
"52480","5","8","13"
"55660","5","7","12"
"42230","1","2","3"
"49126","30","45","75"
"48108","7","7","14"
"43094","1","1","2"
"52536","4","0","4"
"46647","6","1","7"
"46196","3","1","4"
"53620","0","3","3"
"54253","5","1","6"
"47793","11","10","21"
"42121","4","4","8"
"54319","15","24","39"
"44708","15","48","63"
"44405","0","1","1"
"54496","0","4","4"
"46618","0","6","6"
"53804","10","5","15"
"55812","14","10","24"
"52191","361","7","368"
"55553","0","1","1"
"54620","179","36","215"
"48748","10","8","18"
"52592","80","80","160"
"49089","4","2","6"
"55365","0","1","1"
"46593","2","4","6"
"50554","3","14","17"
"43604","0","3","3"
"55562","20","9","29"
"48807","0","25","25"
"55134","0","10","10"
"46169","10","5","15"
"55088","5","3","8"
"45693","4","5","9"
"47591","3","12","15"
"45724","12","19","31"
"50441","10","1","11"
"48087","0","10","10"
"45660","2","10","12"
"46164","22","10","32"
"53642","6","23","29"
"46094","40","6","46"
"45433","3","6","9"
"54717","6","0","6"
"48913","105","117","222"
"42983","34","24","58"
"51797","199","42","241"
"42157","9","7","16"
"51154","0","5","5"
"47285","12","5","17"
"55609","2","5","7"
"49152","3","4","7"
"45133","6","13","19"
"55009","5","5","10"
"53822","98","60","158"
"54006","3","0","3"
"55903","5","0","5"
"52135","1","5","6"
"52349","10","18","28"
"48995","0","1","1"
"43629","3","15","18"
"45024","4","5","9"
"45850","35","15","50"
"54667","0","4","4"
"48431","11","12","23"
"45386","0","1","1"
"47151","1","5","6"
"54222","2","4","6"
"45426","2","1","3"
"49658","10","10","20"
"53338","7","9","16"
"48873","","","1"
"55460","20","35","55"
"52422","11","37","48"
"51179","5","9","14"
"44885","5","6","11"
"48828","1","3","4"
"49545","6","8","14"
"43883","11","0","11"
"47693","3","5","8"
"48089","8","17","25"
"49995","0","3","3"
"46826","3","4","7"
"47797","0","2","2"
"50442","0","8","8"
"55733","2","3","5"
"52620","2","2","4"
"47107","0","3","3"
"55573","7","8","15"
"44934","6","4","10"
"48010","10","18","28"
"43722","12","20","32"
"53937","10","60","70"
"48867","4","5","9"
"49839","4","15","19"
"52713","5","7","12"
"50617","3","8","11"
"42396","4","0","4"
"49090","6","22","28"
"42611","4","8","12"
"53255","62","44","106"
"44301","6","0","6"
"42239","3","13","16"
"43123","18","20","38"
"44347","1","6","7"
"54399","0","10","10"
"49395","14","31","45"
"42727","7","23","30"
"45914","94","45","139"
"49436","12","51","63"
"42915","1","2","3"
"53927","510","360","870"
"47902","1","5","6"
"42511","2","2","4"
"49681","1","4","5"
"51588","8","0","8"
"44599","10","12","22"
"50274","3","16","19"
"50956","0","2","2"
"48037","6","0","6"
"55922","1","3","4"
"51174","10","12","22"
"51965","1","2","3"
"45940","13","32","45"
"44957","0","1","1"
"53624","10","10","20"
"48895","12","31","43"
"44718","3","3","6"
"46665","0","1","1"
"49178","4","4","8"
"44088","5","7","12"
"53831","0","2","2"
"48803","0","5","5"
"51032","7","6","13"
"53991","5","0","5"
"45618","2","16","18"
"47544","11","11","22"
"54791","18","6","24"
"47333","2","6","8"
"43624","2","1","3"
"49773","1","8","9"
"42419","11","13","24"
"49202","1","2","3"
"52447","0","5","5"
"42684","0","1","1"
"55522","5","15","20"
"43034","15","18","33"
"47448","6","10","16"
"42680","0","12","12"
"48078","4","6","10"
"54951","11","21","32"
"55097","8","5","13"
"52168","0","122","122"
"51942","0","1","1"
"42666","2","7","9"
"47188","22","32","54"
"53126","15","30","45"
"53230","5","5","10"
"45306","0","2","2"
"48110","1","0","1"
"53447","4","4","8"
"50723","2","14","16"
"54474","4","4","8"
"44180","3","3","6"
"46105","0","12","12"
"48398","16","17","33"
"52568","25","23","48"
"53100","0","2","2"
"54334","30","70","100"
"53696","12","19","31"
"52028","7","3","10"
"44077","5","8","13"
"54295","7","7","14"
"51683","2","3","5"
"52663","8","2","10"
"49830","4","3","7"
"53649","8","0","8"
"52343","0","35","35"
"55893","20","32","52"
"48890","2","6","8"
"45613","0","19","19"
"43794","10","10","20"
"55206","1","1","2"
"47475","8","12","20"
"47261","21","47","68"
"48525","3","6","9"
"50313","6","10","16"
"43646","5","4","9"
"45252","2","0","2"
"48331","1","1","2"
"55708","9","25","34"
"42899","7","5","12"
"53876","2","0","2"
"50380","0","2","2"
"50974","0","10","10"
"43641","25","88","113"
"44304","2","3","5"
"49645","20","40","60"
"48719","2","0","2"
"47841","24","15","39"
"45971","0","6","6"
"42269","4","6","10"
"47408","0","2","2"
"47063","12","4","16"
"47330","0","4","4"
"49945","2","5","7"
"55110","9","28","37"
"52411","7","4","11"
"51720","194","216","410"
"47790","5","8","13"
"49129","7","23","30"
"46819","7","14","21"
"42922","14","32","46"
"51430","2","9","11"
"55779","9","27","36"
"47719","0","4","4"
"50056","7","9","16"
"53494","1","1","2"
"47557","5","6","11"
"43077","1","0","1"
"52234","1","1","2"
"55260","2","3","5"
"53483","2","4","6"
"54259","12","12","24"
"46394","28","33","61"
"55262","27","15","42"
"42548","7","8","15"
"48607","5","10","15"
"52448","1","4","5"
"52320","8","6","14"
"50051","28","74","102"
"54003","1","1","2"
"46470","13","21","34"
"54993","0","3","3"
"44003","12","25","37"
"44122","1","3","4"
"51057","0","2","2"
"54226","3","3","6"
"50451","4","6","10"
"50101","10","23","33"
"53807","3","5","8"
"42764","17","4","21"
"42211","35","126","161"
"48018","0","1","1"
"47363","4","10","14"
"46582","2","0","2"
"46322","2","8","10"
"55011","1","1","2"
"43139","5","1","6"
"49100","21","8","29"
"54967","8","0","8"
"44861","2","4","6"
"49810","4","11","15"
"50222","4","0","4"
"53545","51","33","84"
"55639","11","22","33"
"55241","5","4","9"
"44083","4","6","10"
"53244","10","8","18"
"52430","1","6","7"
"46436","120","60","180"
"49372","1","0","1"
"52524","3","0","3"
"49725","4","0","4"
"54812","1","0","1"
"47196","1","0","1"
"45435","6","10","16"
"49225","10","6","16"
"46815","7","5","12"
"49942","8","11","19"
"53048","2","1","3"
"47179","6","9","15"
"46494","0","7","7"
"45948","0","24","24"
"54995","12","18","30"
"45165","5","2","7"
"50976","0","2","2"
"54155","39","0","39"
"54283","90","151","241"
"48354","5","15","20"
"48274","5","3","8"
"51374","3","5","8"
"55062","1","1","2"
"52112","22","18","40"
"44626","2","2","4"
"51346","2","0","2"
"55615","46","24","70"
"52362","36","18","54"
"42773","9","10","19"
"48609","1","4","5"
"47740","4","0","4"
"47070","5","5","10"
"47320","16","11","27"
"52053","0","4","4"
"45371","8","10","18"
"49273","2","0","2"
"44738","20","56","76"
"45574","45","42","87"
"45043","8","7","15"
"53711","4","9","13"
"42345","20","27","47"
"48613","4","6","10"
"54858","5","2","7"
"55469","1","2","3"
"42414","3","8","11"
"50808","5","4","9"
"47497","0","16","16"
"51451","4","1","5"
"54822","3","1","4"
"55534","5","16","21"
"50003","9","7","16"
"54933","15","5","20"
"49457","8","9","17"
"47743","0","2","2"
"54013","21","18","39"
"54954","12","4","16"
"54783","2","3","5"
"54267","5","17","22"
"55069","45","35","80"
"54857","10","10","20"
"44697","2","4","6"
"44680","0","4","4"
"45282","2","4","6"
"48281","9","21","30"
"48488","1","0","1"
"48755","20","25","45"
"48633","9","29","38"
"45527","3","2","5"
"54157","2","3","5"
"47751","0","10","10"
"44611","12","10","22"
"42866","2","5","7"
"55142","406","296","702"
"42302","0","1","1"
"52636","2","3","5"
"48170","0","1","1"
"43900","10","5","15"
"51762","6","10","16"
"53801","5","6","11"
"55130","2","4","6"
"47631","8","48","56"
"47560","8","16","24"
"43156","0","1","1"
"49455","12","4","16"
"49153","54","51","105"
"47794","2","0","2"
"49774","3","0","3"
"54573","6","14","20"
"46542","8","26","34"
"51246","0","1","1"
"45370","5","6","11"
"51770","4","3","7"
"43238","0","10","10"
"52686","0","1","1"
"51553","20","20","40"
"55897","210","105","315"
"54180","49","33","82"
"42297","5","15","20"
"44383","6","10","16"
"47605","7","8","15"
"44679","8","0","8"
"49944","1","1","2"
"52725","1","1","2"
"47095","6","30","36"
"43317","6","0","6"
"51145","198","86","284"
"42910","4","15","19"
"44517","0","4","4"
"48827","15","32","47"
"55554","4","4","8"
"51986","435","442","877"
"47704","12","21","33"
"42954","0","7","7"
"42804","0","32","32"
"45272","17","15","32"
"54002","1","7","8"
"45327","13","68","81"
"43331","0","1","1"
"49618","12","42","54"
"54444","7","8","15"
"46960","4","4","8"
"42305","2","5","7"
"49205","0","1","1"
"44311","6","12","18"
"52804","4","8","12"
"52500","2","2","4"
"42806","6","16","22"
"51738","0","6","6"
"47611","2","2","4"
"50710","3","6","9"
"49771","0","8","8"
"53569","10","25","35"
"50610","10","40","50"
"51033","4","8","12"
"45958","2","13","15"
"54183","8","23","31"
"46259","3","4","7"
"50768","12","18","30"
"51898","39","145","184"
"48729","18","15","33"
"43633","10","23","33"
"43600","3","2","5"
"49799","2","3","5"
"43860","10","8","18"
"54962","3","6","9"
"43909","0","1","1"
"43626","15","15","30"
"44440","2","8","10"
"52009","2","2","4"
"50995","3","15","18"
"49051","0","6","6"
"47366","123","64","187"
"48184","18","18","36"
"43765","9","10","19"
"53579","5","14","19"
"52716","2","2","4"
"53869","5","6","11"
"43729","2","3","5"
"43584","10","12","22"
"48626","8","0","8"
"45666","","","31"
"46396","4","1","5"
"52099","80","45","125"
"55053","7","14","21"
"49450","21","5","26"
"52881","10","8","18"
"51507","1","4","5"
"44789","5","9","14"
"42097","15","14","29"
"44550","1","2","3"
"55289","3","8","11"
"42375","12","26","38"
"44976","0","6","6"
"48662","19","36","55"
"42657","2","1","3"
"42989","4","5","9"
"45634","3","8","11"
"46924","6","10","16"
"45081","1","1","2"
"48746","6","2","8"
"45896","7","17","24"
"48047","16","8","24"
"51872","4","17","21"
"54198","3","3","6"
"45745","2","6","8"
"50786","1","0","1"
"52227","3","0","3"
"45821","4","8","12"
"51270","10","13","23"
"44553","5","4","9"
"45928","10","10","20"
"55503","12","0","12"
"42244","1","1","2"
"48792","15","21","36"
"48635","16","22","38"
"51894","2","4","6"
"53535","4","10","14"
"49843","3","6","9"
"53575","8","11","19"
"52715","6","2","8"
"47972","2","25","27"
"52007","0","1","1"
"48206","5","25","30"
"54961","654","70","724"
"54854","2","1","3"
"54236","","","841"
"50960","0","1","1"
"44118","7","49","56"
"46185","0","7","7"
"46444","4","0","4"
"55546","413","90","503"
"47755","2","6","8"
"43209","24","30","54"
"46041","3","8","11"
"44559","3","1","4"
"44700","25","134","159"
"42848","4","6","10"
"51511","8","20","28"
"46571","6","0","6"
"53054","2","2","4"
"50391","2","1","3"
"52913","0","1","1"
"44482","4","5","9"
"46036","10","1","11"
"49761","33","141","174"
"49467","3","8","11"
"55789","23","34","57"
"49250","38","44","82"
"49784","15","18","33"
"49305","10","10","20"
"52378","14","42","56"
"49662","0","10","10"
"51648","3","7","10"
"53507","10","15","25"
"50173","234","18","252"
"50415","5","10","15"
"51019","4","27","31"
"53152","16","30","46"
"55732","3","6","9"
"53715","2","5","7"
"44608","1","7","8"
"42259","2","2","4"
"52842","3","2","5"
"42365","3","5","8"
"52479","3","13","16"
"53086","92","23","115"
"47152","5","10","15"
"42602","1","1","2"
"51575","49","99","148"
"51168","1","0","1"
"55384","12","18","30"
"55031","15","10","25"
"53988","4","4","8"
"50687","6","5","11"
"42998","2","1","3"
"46816","6","6","12"
"42448","30","24","54"
"49197","17","26","43"
"50190","2","6","8"
"51159","80","70","150"
"52394","2","2","4"
"46744","16","10","26"
"49203","2","9","11"
"48946","26","26","52"
"55279","8","50","58"
"48301","12","4","16"
"50424","2","2","4"
"53978","2","2","4"
"52150","7","14","21"
"49387","3","6","9"
"45267","9","20","29"
"43683","13","28","41"
"49744","2","1","3"
"43323","0","1","1"
"51276","8","6","14"
"52920","50","16","66"
"54114","5","4","9"
"55151","3","4","7"
"55879","7","4","11"
"52937","6","8","14"
"55886","0","647","647"
"51766","46","45","91"
"45245","0","1","1"
"55831","66","52","118"
"47371","6","38","44"
"50019","5","4","9"
"53766","15","15","30"
"48950","1","1","2"
"43951","","","132"
"55084","14","7","21"
"45084","1","1","2"
"52659","1","0","1"
"47405","144","78","222"
"46801","5","3","8"
"52590","5","5","10"
"55200","100","100","200"
"45377","20","16","36"
"48372","7","7","14"
"54349","2","5","7"
"52956","61","68","129"
"52236","42","40","82"
"55774","4","7","11"
"49265","8","3","11"
"54426","5","12","17"
"48753","13","26","39"
"53576","4","8","12"
"55237","3","2","5"
"46370","4","6","10"
"46646","13","32","45"
"48530","1","4","5"
"51310","1","2","3"
"47367","26","77","103"
"54805","10","20","30"
"42233","1","1","2"
"52210","0","8","8"
"47009","2","6","8"
"54005","1","2","3"
"50285","2","5","7"
"49444","11","6","17"
"53052","15","26","41"
"55199","34","20","54"
"42664","5","9","14"
"45851","70","74","144"
"42628","7","13","20"
"47354","59","68","127"
"49012","2","9","11"
"53156","24","14","38"
"55278","0","34","34"
"50982","1","1","2"
"52233","75","120","195"
"53663","6","84","90"
"50816","11","16","27"
"49518","205","58","263"
"55910","0","18","18"
"48998","1","1","2"
"44860","2","12","14"
"43359","10","6","16"
"49036","0","2","2"
"47350","1","2","3"
"48984","6","12","18"
"46720","0","5","5"
"50179","0","1","1"
"55842","7","6","13"
"45178","10","17","27"
"53969","1","3","4"
"55427","5","2","7"
"49556","12","7","19"
"44051","5","8","13"
"53142","10","20","30"
"54104","18","25","43"
"44580","10","8","18"
"46832","1","0","1"
"43923","2","7","9"
"45902","0","9","9"
"47522","11","16","27"
"49675","10","10","20"
"47386","12","25","37"
"43236","10","6","16"
"45559","2","1","3"
"54775","35","29","64"
"53772","15","25","40"
"51496","10","20","30"
"52281","7","6","13"
"49777","0","12","12"
"45299","4","40","44"
"51426","5","10","15"
"44662","5","4","9"
"48385","3","0","3"
"44265","2","4","6"
"54038","9","17","26"
"50677","20","19","39"
"53645","2","4","6"
"50081","85","46","131"
"48699","10","7","17"
"43330","6","8","14"
"43160","0","10","10"
"44231","13","21","34"
"55337","4","0","4"
"45924","2","5","7"
"46229","9","16","25"
"42566","12","25","37"
"52396","6","2","8"
"51381","4","6","10"
"47001","2","0","2"
"50773","2","7","9"
"48182","0","10","10"
"44398","2","0","2"
"50968","64","20","84"
"55415","12","48","60"
"45354","0","5","5"
"50734","0","6","6"
"53114","18","16","34"
"52817","17","16","33"
"55201","6","9","15"
"45439","11","15","26"
"46567","3","1","4"
"51652","5","10","15"
"44437","2","4","6"
"44368","30","4","34"
"55665","8","8","16"
"53078","7","7","14"
"50924","14","8","22"
"47817","5","2","7"
"55213","91","67","158"
"48249","2","7","9"
"45070","2","1","3"
"48552","1","3","4"
"44529","8","10","18"
"53363","183","248","431"
"42293","2","10","12"
"51660","8","10","18"
"47268","5","5","10"
"48314","0","1","1"
"42599","1","7","8"
"50073","11","8","19"
"47322","1","1","2"
"52701","2","12","14"
"43743","9","6","15"
"47369","10","14","24"
"43076","29","56","85"
"46202","2","4","6"
"46620","20","0","20"
"46833","2","0","2"
"54360","1","1","2"
"54843","3","2","5"
"54468","0","2","2"
"53165","2","3","5"
"44058","1","10","11"
"42744","15","24","39"
"53006","10","4","14"
"50357","5","7","12"
"55647","10","30","40"
"43224","2","0","2"
"55191","8","7","15"
"45221","2","5","7"
"53235","0","2","2"
"42728","5","26","31"
"45287","8","6","14"
"49252","10","25","35"
"55229","250","150","400"
"50593","21","38","59"
"44210","3","3","6"
"49475","22","9","31"
"50563","9","33","42"
"52968","18","26","44"
"50163","6","9","15"
"44349","42","12","54"
"48259","0","35","35"
"49996","2","5","7"
"52149","2","2","4"
"42223","1","4","5"
"48243","2","2","4"
"44950","10","10","20"
"50041","2","0","2"
"44562","5","8","13"
"46350","7","45","52"
"48283","45","45","90"
"51787","2","3","5"
"51332","0","2","2"
"47491","40","0","40"
"46448","5","12","17"
"48298","0","1","1"
"47403","0","5","5"
"52205","5","15","20"
"54096","5","19","24"
"54690","5","8","13"
"50949","1","0","1"
"45860","9","16","25"
"44615","1","0","1"
"46974","18","19","37"
"42706","0","7","7"
"45823","1","3","4"
"49283","2","5","7"
"51740","0","4","4"
"45241","3","1","4"
"52911","","","815"
"52584","30","20","50"
"52688","7","15","22"
"55911","10","10","20"
"48277","14","19","33"
"44199","7","7","14"
"50044","5","15","20"
"43212","2","3","5"
"42510","0","28","28"
"43657","36","54","90"
"48436","2","1","3"
"53640","50","150","200"
"47031","0","14","14"
"49806","3","5","8"
"52959","0","2","2"
"53099","4","0","4"
"44100","12","24","36"
"48239","46","146","192"
"53817","2","2","4"
"45186","2","21","23"
"53497","4","8","12"
"55013","0","1","1"
"44136","8","5","13"
"53423","68","101","169"
"52144","2","2","4"
"49034","4","0","4"
"53872","3","3","6"
"50877","28","23","51"
"49113","4","8","12"
"50319","2","2","4"
"45780","20","0","20"
"42374","8","2","10"
"47783","4","20","24"
"48784","8","11","19"
"55932","59","33","92"
"51653","1","6","7"
"49249","3","8","11"
"52202","1","2","3"
"44288","46","13","59"
"45231","5","11","16"
"51565","10","12","22"
"48131","0","1","1"
"49419","13","21","34"
"42793","4","5","9"
"50263","4","6","10"
"42543","0","1","1"
"45022","2","7","9"
"49441","4","8","12"
"49857","3","0","3"
"55306","1","8","9"
"50652","0","1","1"
"45993","3","2","5"
"50967","45","105","150"
"49594","2","3","5"
"49328","110","62","172"
"49906","5","9","14"
"51163","10","27","37"
"53213","2","7","9"
"47170","1","0","1"
"49900","2","5","7"
"53364","3","2","5"
"51258","6","3","9"
"47436","4","8","12"
"42492","3","12","15"
"47845","2","0","2"
"52854","8","3","11"
"50933","3","7","10"
"45518","15","7","22"
"48161","10","20","30"
"47725","1","1","2"
"49504","0","40","40"
"43576","16","39","55"
"48617","3","7","10"
"55610","4","16","20"
"43814","1","2","3"
"55364","6","13","19"
"49042","10","10","20"
"49586","10","5","15"
"50657","2","6","8"
"52615","3","6","9"
"48257","8","12","20"
"53840","3","4","7"
"50693","32","14","46"
"53633","0","1","1"
"49060","4","0","4"
"44578","2","16","18"
"47488","78","45","123"
"49671","32","112","144"
"53031","6","10","16"
"44361","5","8","13"
"55047","3","4","7"
"44897","20","138","158"
"50908","0","4","4"
"54428","18","30","48"
"45278","4","16","20"
"47955","1","2","3"
"52676","5","5","10"
"48447","1","1","2"
"55541","3","2","5"
"47734","20","20","40"
"55512","1","2","3"
"47036","5","5","10"
"49934","1","2","3"
"55076","2","2","4"
"42141","1","2","3"
"48486","20","20","40"
"54729","4","8","12"
"53315","16","26","42"
"45131","16","11","27"
"47060","297","612","909"
"53739","3","5","8"
"42807","12","17","29"
"47460","4","8","12"
"45795","4","12","16"
"45816","2","29","31"
"50813","0","3","3"
"48902","100","112","212"
"47101","4","2","6"
"51557","22","25","47"
"47708","1","4","5"
"44990","160","152","312"
"55072","2","0","2"
"44123","3","3","6"
"46013","4","4","8"
"47225","0","2","2"
"43045","3","9","12"
"46519","4","4","8"
"48156","3","3","6"
"49069","11","16","27"
"55129","0","8","8"
"53376","8","7","15"
"47251","6","20","26"
"55731","2","4","6"
"43961","1","2","3"
"45628","6","16","22"
"49276","6","10","16"
"45257","3","3","6"
"55694","12","7","19"
"49228","7","1","8"
"43643","4","2","6"
"51229","2","5","7"
"50566","2","0","2"
"45399","4","10","14"
"51326","0","1","1"
"45515","4","9","13"
"48822","9","12","21"
"51343","2","6","8"
"45374","25","23","48"
"51908","0","4","4"
"47314","7","18","25"
"49595","0","5","5"
"47411","15","3","18"
"51266","14","51","65"
"44806","15","33","48"
"48611","0","7","7"
"52410","3","7","10"
"45591","1","3","4"
"43852","7","15","22"
"47729","4","8","12"
"49076","12","4","16"
"55515","0","8","8"
"49285","25","40","65"
"44971","10","15","25"
"46850","0","5","5"
"53717","16","13","29"
"45483","5","10","15"
"49583","0","2","2"
"55080","2","4","6"
"55098","31","47","78"
"50200","20","36","56"
"47463","11","13","24"
"44549","3","19","22"
"54587","8","25","33"
"50484","2","2","4"
"50469","35","11","46"
"53838","10","15","25"
"44005","2","22","24"
"45063","20","20","40"
"48561","1","2","3"
"46316","4","8","12"
"47573","2","2","4"
"45303","4","12","16"
"46109","0","15","15"
"54165","9","12","21"
"44855","1","5","6"
"48345","2","14","16"
"51658","2","3","5"
"49430","2","2","4"
"54010","6","8","14"
"45605","10","15","25"
"46945","0","17","17"
"46736","8","15","23"
"47897","7","14","21"
"51096","4","26","30"
"51816","0","10","10"
"51704","5","5","10"
"49255","5","23","28"
"43724","2","3","5"
"52928","12","7","19"
"52877","168","42","210"
"50649","0","8","8"
"51684","5","13","18"
"46372","8","20","28"
"55896","2","2","4"
"53724","420","53","473"
"54092","36","29","65"
"42186","20","40","60"
"43677","8","7","15"
"50972","2","3","5"
"54199","2","5","7"
"44240","2","3","5"
"50537","3","6","9"
"43640","8","16","24"
"51570","","","180"
"48588","11","8","19"
"52125","27","10","37"
"44010","0","12","12"
"47878","0","1","1"
"44744","0","1","1"
"50308","719","298","1017"
"54972","10","7","17"
"55146","6","7","13"
"42136","1","3","4"
"47711","4","12","16"
"48382","0","6","6"
"54337","4","4","8"
"54966","48","36","84"
"46603","5","3","8"
"54126","2","2","4"
"51938","0","1","1"
"44582","10","13","23"
"50322","4","11","15"
"53323","2","1","3"
"43725","35","17","52"
"49891","0","22","22"
"53077","221","306","527"
"43315","13","22","35"
"44382","1","2","3"
"54848","65","85","150"
"47347","2","1","3"
"45511","6","4","10"
"46523","15","0","15"
"50686","4","8","12"
"51522","2","22","24"
"43121","3","12","15"
"48733","4","5","9"
"49651","5","25","30"
"55686","3","15","18"
"51912","121","58","179"
"46811","7","18","25"
"44728","8","14","22"
"45320","4","8","12"
"49533","0","12","12"
"46839","4","0","4"
"47428","0","5","5"
"55172","7","6","13"
"49253","12","21","33"
"43751","3","8","11"
"44159","4","10","14"
"52727","2","2","4"
"45372","0","1","1"
"55315","1","8","9"
"54251","80","40","120"
"55588","6","8","14"
"50764","0","14","14"
"43225","12","15","27"
"44243","0","1","1"
"54890","3","6","9"
"55041","9","5","14"
"46680","3","5","8"
"45855","10","2","12"
"45331","3","12","15"
"52138","4","0","4"
"55691","31","20","51"
"54639","14","13","27"
"49237","4","6","10"
"51895","12","17","29"
"55029","5","14","19"
"46228","0","3","3"
"51560","0","7","7"
"47011","3","2","5"
"53352","1","1","2"
"46050","50","50","100"
"49185","1","4","5"
"42622","0","1","1"
"42700","6","18","24"
"48660","5","10","15"
"42709","35","25","60"
"44027","1","0","1"
"55412","16","16","32"
"48369","4","6","10"
"48899","22","12","34"
"46417","8","9","17"
"53410","2","2","4"
"45265","4","5","9"
"55195","0","4","4"
"49148","0","1","1"
"50386","10","12","22"
"45149","1","0","1"
"50412","13","28","41"
"45647","142","105","247"
"48242","2","2","4"
"53067","4","5","9"
"55133","5","6","11"
"45146","5","5","10"
"55682","18","28","46"
"45364","12","48","60"
"55841","2","5","7"
"47252","0","1221","1221"
"52425","5","5","10"
"48213","5","20","25"
"45702","2","7","9"
"49234","10","10","20"
"54374","4","8","12"
"54279","2","4","6"
"47767","10","5","15"
"55490","10","10","20"
"47731","13","14","27"
"44694","30","24","54"
"45289","2","6","8"
"44805","7","12","19"
"54693","12","14","26"
"51015","4","6","10"
"54413","0","6","6"
"54747","64","27","91"
"43934","1","1","2"
"55594","10","18","28"
"46598","2","4","6"
"46159","9","16","25"
"53438","0","2","2"
"50216","0","8","8"
"49537","5","9","14"
"54603","2","1","3"
"47183","6","49","55"
"46798","8","20","28"
"43638","0","3","3"
"42245","2","6","8"
"47857","6","1","7"
"51041","10","26","36"
"50653","3","0","3"
"54838","15","12","27"
"51289","3","2","5"
"48994","12","6","18"
"53318","2","5","7"
"55630","10","26","36"
"44470","8","8","16"
"52018","7","8","15"
"44293","6","6","12"
"50028","2","0","2"
"43797","16","8","24"
"55444","2","3","5"
"43618","4","7","11"
"47345","3","2","5"
"43936","0","3","3"
"49364","20","15","35"
"54132","2","2","4"
"44958","8","9","17"
"46393","1","4","5"
"47660","4","8","12"
"52739","20","16","36"
"55299","15","17","32"
"46072","6","10","16"
"51143","5","18","23"
"55782","6","8","14"
"48325","5","8","13"
"48040","1","0","1"
"48224","8","8","16"
"54205","4","7","11"
"51221","2","2","4"
"47051","10","35","45"
"51909","0","5","5"
"45406","4","0","4"
"49659","8","18","26"
"55155","6","3","9"
"55438","3","2","5"
"46141","6","15","21"
"42362","7","10","17"
"55443","2","2","4"
"46573","6","8","14"
"52263","82","132","214"
"52872","10","6","16"
"50696","3","5","8"
"49516","12","16","28"
"42318","12","18","30"
"42702","1","1","2"
"42298","1","1","2"
"49349","0","33","33"
"42491","13","12","25"
"51474","5","10","15"
"52241","31","15","46"
"51990","28","21","49"
"43071","11","10","21"
"50417","15","18","33"
"42987","20","20","40"
"45248","5","9","14"
"43541","3","13","16"
"49823","14","1","15"
"52862","15","24","39"
"51158","65","22","87"
"51281","815","280","1095"
"46204","7","5","12"
"50468","4","5","9"
"43463","1","13","14"
"52185","0","2","2"
"49838","12","8","20"
"52566","5","15","20"
"48649","16","26","42"
"47942","6","8","14"
"48353","0","1","1"
"45786","18","10","28"
"52491","15","10","25"
"46691","0","8","8"
"51460","7","12","19"
"47804","9","4","13"
"48344","8","15","23"
"55617","6","14","20"
"47775","2","4","6"
"42734","7","9","16"
"48507","8","16","24"
"43245","4","6","10"
"44821","10","20","30"
"54304","1","4","5"
"42631","15","28","43"
"45040","2","3","5"
"42687","5","10","15"
"45731","1","2","3"
"45005","0","3","3"
"43491","5","15","20"
"49092","15","8","23"
"52821","0","5","5"
"49322","1","1","2"
"44195","0","2","2"
"45404","4","1","5"
"52553","12","14","26"
"52177","18","21","39"
"44290","4","18","22"
"46609","2","5","7"
"47677","3","0","3"
"47549","16","23","39"
"52915","8","8","16"
"53759","0","5","5"
"47297","2","1","3"
"49628","0","4","4"
"45323","4","1","5"
"47332","2","6","8"
"52379","1","7","8"
"46279","5","32","37"
"51292","4","8","12"
"42235","16","68","84"
"55762","85","207","292"
"54826","5","5","10"
"47884","1","1","2"
"50547","1","4","5"
"47748","0","2","2"
"52650","4","6","10"
"49989","0","1","1"
"52857","8","10","18"
"52011","36","20","56"
"47910","3","0","3"
"50199","8","16","24"
"51864","0","2","2"
"44642","4","3","7"
"50339","4","15","19"
"43983","12","4","16"
"47162","3","3","6"
"44928","2","1","3"
"52374","","","2"
"53378","3","2","5"
"49325","10","0","10"
"45456","3","10","13"
"45129","0","5","5"
"55461","4","14","18"
"52949","3","9","12"
"46171","7","25","32"
"50514","10","24","34"
"52653","18","12","30"
"43675","4","8","12"
"46199","5","8","13"
"52602","34","20","54"
"46977","18","61","79"
"51340","2","1","3"
"51509","0","1","1"
"43309","9","12","21"
"53583","0","1","1"
"53967","5","5","10"
"54494","0","5","5"
"45602","2","2","4"
"49114","10","5","15"
"42452","0","12","12"
"45582","7","18","25"
"42731","14","43","57"
"44483","0","4","4"
"47376","1","7","8"
"48925","12","15","27"
"53467","0","1","1"
"55761","16","7","23"
"48444","0","4","4"
"52743","0","4","4"
"44803","6","4","10"
"45072","5","7","12"
"49361","4","0","4"
"53460","8","10","18"
"55803","0","4","4"
"44333","15","16","31"
"45243","20","20","40"
"45984","12","28","40"
"54623","22","18","40"
"46635","91","82","173"
"44184","16","42","58"
"45246","6","25","31"
"44147","15","15","30"
"48212","7","5","12"
"43347","2","8","10"
"48634","1","3","4"
"45001","5","1","6"
"53240","2","4","6"
"52054","","","11"
"52251","5","1","6"
"45154","5","8","13"
"46790","4","6","10"
"44344","2","0","2"
"55907","10","5","15"
"53312","14","42","56"
"53968","35","13","48"
"45413","4","1","5"
"47716","2","3","5"
"53014","4","10","14"
"50534","6","0","6"
"54202","7","13","20"
"54713","1","3","4"
"53017","630","286","916"
"44148","5","2","7"
"42550","9","16","25"
"48503","23","16","39"
"52046","4","19","23"
"55126","2","27","29"
"45639","3","6","9"
"50225","11","5","16"
"44672","12","20","32"
"47136","4","6","10"
"50395","4","2","6"
"42630","10","1","11"
"54947","2","6","8"
"46283","9","16","25"
"54974","1","5","6"
"43914","1","0","1"
"44771","1","7","8"
"45232","18","10","28"
"55219","66","10","76"
"43809","3","6","9"
"50683","11","18","29"
"46727","10","10","20"
"48793","2","5","7"
"46959","2","4","6"
"50035","30","20","50"
"47273","2","5","7"
"48714","120","62","182"
"42207","14","33","47"
"51209","10","15","25"
"48211","0","4","4"
"53403","0","3","3"
"52499","587","56","643"
"46541","25","21","46"
"47999","10","18","28"
"45711","0","1","1"
"49003","0","99","99"
"55357","0","16","16"
"45723","6","10","16"
"49274","1","1","2"
"54418","3","7","10"
"51936","10","10","20"
"42383","1","0","1"
"55327","109","113","222"
"49041","5","5","10"
"48712","10","10","20"
"50007","2","0","2"
"53470","0","1","1"
"51433","1","9","10"
"44354","0","3","3"
"48938","6","9","15"
"51866","297","612","909"
"44619","10","10","20"
"46840","4","0","4"
"43834","2","2","4"
"45307","0","2","2"
"47923","1","5","6"
"45804","31","26","57"
"51983","3","6","9"
"42156","4","6","10"
"46785","1","0","1"
"46200","7","14","21"
"53857","6","14","20"
"47918","8","5","13"
"44014","2","0","2"
"49459","5","15","20"
"52797","10","17","27"
"44887","36","56","92"
"48504","17","25","42"
"43485","36","6","42"
"44864","1","2","3"
"42980","21","15","36"
"45188","0","2","2"
"55751","30","30","60"
"49235","10","10","20"
"50337","9","26","35"
"43850","1","1","2"
"45781","4","1","5"
"48391","6","1","7"
"43265","2","0","2"
"45335","16","18","34"
"44936","72","18","90"
"55184","0","1","1"
"55125","14","8","22"
"42752","18","14","32"
"51730","20","4","24"
"42201","10","29","39"
"47277","6","6","12"
"52268","4","14","18"
"47229","0","1","1"
"52993","100","92","192"
"47654","1","1","2"
"47535","174","184","358"
"50335","4","14","18"
"53186","6","4","10"
"42496","18","24","42"
"48677","32","13","45"
"50959","0","8","8"
"49330","0","4","4"
"55059","9","7","16"
"47298","9","14","23"
"42676","3","12","15"
"54958","3","0","3"
"50478","10","6","16"
"53224","6","24","30"
"48192","1","0","1"
"48765","0","10","10"
"50655","24","8","32"
"47018","2","6","8"
"52705","5","4","9"
"49883","1","3","4"
"45161","2","2","4"
"48598","375","75","450"
"52272","9","15","24"
"48278","48","60","108"
"45597","0","2","2"
"50749","0","5","5"
"46047","2","5","7"
"45692","2","6","8"
"51640","43","21","64"
"54021","2","3","5"
"47723","9","13","22"
"55189","8","10","18"
"48165","95","146","241"
"48255","0","1","1"
"44977","5","18","23"
"46043","7","20","27"
"48188","7","25","32"
"42751","3","2","5"
"42805","7","31","38"
"44386","23","17","40"
"45285","9","7","16"
"53733","1","2","3"
"45798","362","133","495"
"48570","2","5","7"
"46449","4","11","15"
"46834","2","3","5"
"50165","5","11","16"
"46242","0","19","19"
"51189","3","10","13"
"49506","0","7","7"
"43773","10","20","30"
"51113","80","45","125"
"50640","1","4","5"
"44270","1","0","1"
"51715","5","25","30"
"55430","11","52","63"
"44884","4","0","4"
"49189","200","183","383"
"43206","0","1","1"
"43336","1","2","3"
"49574","13","49","62"
"45828","0","40","40"
"55231","1","1","2"
"49805","9","10","19"
"49055","10","5","15"
"43801","2","1","3"
"45522","12","8","20"
"52986","1","5","6"
"53055","36","30","66"
"48933","2","8","10"
"52288","5","15","20"
"54235","5","9","14"
"52319","15","40","55"
"48003","7","15","22"
"49163","0","2","2"
"54896","5","5","10"
"48869","5","8","13"
"43903","9","15","24"
"43546","1","0","1"
"55815","6","5","11"
"49765","15","5","20"
"45086","38","59","97"
"44499","3","25","28"
"55227","6","5","11"
"55008","2","8","10"
"50819","16","16","32"
"42127","1","2","3"
"53510","15","10","25"
"51239","5","5","10"
"50255","1","2","3"
"51681","14","19","33"
"54524","1","4","5"
"44444","1","5","6"
"44321","10","20","30"
"54357","6","12","18"
"55825","2","8","10"
"48181","2","1","3"
"52924","60","46","106"
"51975","6","7","13"
"55432","13","8","21"
"55738","12","13","25"
"42155","74","102","176"
"47948","27","30","57"
"46231","16","15","31"
"44415","42","30","72"
"45264","1","0","1"
"49144","10","20","30"
"55376","4","1","5"
"46092","3","1","4"
"53999","1","7","8"
"49081","1","1","2"
"42937","45","103","148"
"54939","37","52","89"
"42519","0","1","1"
"42850","15","10","25"
"53617","5","19","24"
"51544","15","43","58"
"42875","6","4","10"
"45432","3","5","8"
"42642","1","1","2"
"52139","4","0","4"
"51897","18","12","30"
"55341","21","29","50"
"49873","2","1","3"
"47600","10","20","30"
"48847","120","31","151"
"50059","3","7","10"
"43930","1","2","3"
"49555","14","9","23"
"48820","10","22","32"
"48687","10","11","21"
"48371","8","15","23"
"48399","0","2","2"
"49597","125","118","243"
"50894","1916","963","2879"
"50551","1","1","2"
"48293","1","1","2"
"51749","2","0","2"
"51655","1","1","2"
"55211","10","10","20"
"54080","25","0","25"
"55058","4","7","11"
"54952","10","50","60"
"51748","2","2","4"
"55752","13","12","25"
"53982","0","1","1"
"43972","4","0","4"
"54350","2","2","4"
"45744","31","17","48"
"48766","0","1","1"
"50287","1","0","1"
"50636","4","25","29"
"51104","298","109","407"
"44689","8","1","9"
"47746","0","4","4"
"50360","1","3","4"
"54508","6","7","13"
"42326","1","6","7"
"49011","2","3","5"
"55056","8","10","18"
"46866","0","14","14"
"53895","0","1","1"
"55386","11","9","20"
"55543","2","4","6"
"55524","5","4","9"
"43052","0","30","30"
"48147","10","25","35"
"42830","1","1","2"
"55898","60","55","115"
"49151","15","19","34"
"46351","4","9","13"
"44158","0","5","5"
"54916","12","4","16"
"48583","1","5","6"
"44734","0","2","2"
"51641","2","2","4"
"42551","0","2","2"
"54765","10","6","16"
"47503","4","6","10"
"49935","1","6","7"
"48287","2","1","3"
"42165","4","5","9"
"48425","5","55","60"
"52070","11","23","34"
"47684","22","10","32"
"52303","15","48","63"
"46303","10","15","25"
"43635","5","10","15"
"47245","0","15","15"
"49072","131","32","163"
"42940","0","1","1"
"54105","5","4","9"
"54365","3","2","5"
"47017","12","18","30"
"52278","2","0","2"
"47823","10","16","26"
"44145","0","1","1"
"50467","2","4","6"
"49564","4","4","8"
"42771","2","1","3"
"50356","12","4","16"
"49299","5","5","10"
"47300","6","10","16"
"44328","91","146","237"
"54407","5","3","8"
"45300","5","14","19"
"48423","32","121","153"
"55792","0","15","15"
"49965","5","14","19"
"55801","6","6","12"
"55876","6","25","31"
"43083","11","9","20"
"48068","1","0","1"
"48544","1","4","5"
"46968","10","0","10"
"51828","38","59","97"
"46005","4","12","16"
"48559","30","13","43"
"50790","4","1","5"
"55310","1","2","3"
"45593","5","5","10"
"55186","1","1","2"
"45066","7","7","14"
"51191","6","3","9"
"44166","49","46","95"
"44975","1","4","5"
"54381","3","13","16"
"48918","0","4","4"
"51241","0","5","5"
"42139","2","8","10"
"48927","6","17","23"
"47186","7","4","11"
"48782","2","0","2"
"46442","27","75","102"
"48043","2","2","4"
"55568","7","29","36"
"48909","15","18","33"
"55117","0","5","5"
"50817","2","5","7"
"52075","2","5","7"
"51879","249","21","270"
"55112","1202","577","1779"
"52829","6","18","24"
"45316","0","1","1"
"51279","20","20","40"
"52519","509","316","825"
"42853","6","21","27"
"47721","6","10","16"
"54642","0","2","2"
"47900","0","6","6"
"48875","4","1","5"
"49409","37","24","61"
"55136","2","6","8"
"43340","0","8","8"
"46433","1","1","2"
"48379","1","0","1"
"45204","0","1","1"
"53227","7","10","17"
"54567","10","6","16"
"42104","4","6","10"
"50866","12","10","22"
"55741","2","4","6"
"50670","0","2","2"
"46475","200","145","345"
"52348","45","42","87"
"46504","5","1","6"
"45075","4","5","9"
"52293","16","10","26"
"49919","2","0","2"
"49351","6","0","6"
"53163","2","0","2"
"54074","4","10","14"
"55574","8","4","12"
"44436","0","9","9"
"52528","0","5","5"
"49167","1","2","3"
"49020","0","10","10"
"44492","4","4","8"
"45694","4","2","6"
"42220","3","1","4"
"51397","8","8","16"
"52060","4","1","5"
"47387","5","9","14"
"42818","1","2","3"
"55464","1","0","1"
"46203","5","18","23"
"44710","4","10","14"
"49966","12","10","22"
"47083","21","4","25"
"52081","12","18","30"
"50589","3","5","8"
"55040","5","8","13"
"53411","18","42","60"
"42559","2","4","6"
"45029","4","5","9"
"45101","3","6","9"
"43059","0","7","7"
"43293","2","0","2"
"43766","32","30","62"
"48814","4","4","8"
"49698","2","5","7"
"50098","4","4","8"
"54490","1","24","25"
"47334","2","4","6"
"53316","0","4","4"
"47635","222","139","361"
"44991","8","10","18"
"49295","3","5","8"
"52040","16","21","37"
"47929","2","3","5"
"46922","4","4","8"
"50427","18","20","38"
"47021","2","0","2"
"47979","1","0","1"
"48477","50","110","160"
"45887","9","7","16"
"49757","2","4","6"
"51947","0","8","8"
"44453","0","5","5"
"42608","10","10","20"
"46110","9","12","21"
"54192","2","2","4"
"42355","0","3","3"
"50089","15","25","40"
"52692","1","5","6"
"51530","8","8","16"
"42320","9","7","16"
"50119","0","4","4"
"53787","11","15","26"
"54610","20","64","84"
"53022","1","1","2"
"51798","8","17","25"
"53995","0","28","28"
"45473","7","14","21"
"49871","8","1","9"
"45782","2","5","7"
"50952","112","37","149"
"54904","0","2","2"
"55006","2","2","4"
"55613","7","8","15"
"44597","1","0","1"
"50927","0","3","3"
"46980","120","196","316"
"44820","0","14","14"
"46757","1","1","2"
"50455","0","1","1"
"49132","12","15","27"
"52365","0","1","1"
"51377","59","103","162"
"42547","25","18","43"
"45363","24","6","30"
"49643","15","8","23"
"49278","15","25","40"
"50016","6","2","8"
"53462","10","5","15"
"54161","6","30","36"
"44103","1","1","2"
"54482","43","72","115"
"52209","0","20","20"
"48882","21","24","45"
"46029","1","3","4"
"46107","5","5","10"
"49664","3","0","3"
"49667","3","0","3"
"44568","4","7","11"
"55777","5","10","15"
"55547","7","16","23"
"53666","197","28","225"
"51459","0","9","9"
"48238","0","1","1"
"44046","10","23","33"
"46027","4","4","8"
"51541","32","31","63"
"46774","3","2","5"
"43702","0","4","4"
"45651","2","8","10"
"50581","0","4","4"
"43120","36","14","50"
"44930","1","7","8"
"49801","1","2","3"
"52161","109","62","171"
"47524","5","8","13"
"43469","3","5","8"
"51665","3","1","4"
"55298","2","2","4"
"50876","10","23","33"
"44450","2","5","7"
"44280","5","5","10"
"42464","2","0","2"
"49456","0","24","24"
"43963","8","5","13"
"43535","0","1","1"
"47446","2","1","3"
"42183","1","1","2"
"55181","0","4","4"
"51051","4","0","4"
"46341","2","8","10"
"44640","4","4","8"
"43581","2","6","8"
"53202","22","35","57"
"50576","3","8","11"
"55458","5","12","17"
"44493","5","10","15"
"43585","5","12","17"
"46288","5","8","13"
"51214","1","2","3"
"42774","12","12","24"
"49105","8","6","14"
"49980","1","1","2"
"49964","19","16","35"
"45202","15","38","53"
"45999","2","2","4"
"50252","1","7","8"
"51117","6","20","26"
"43458","6","10","16"
"45737","1","1","2"
"53948","5","26","31"
"47733","10","8","18"
"52415","6","36","42"
"46521","1","9","10"
"48248","8","9","17"
"52501","1","1","2"
"53084","1","1","2"
"45968","8","28","36"
"46852","3","1","4"
"42735","6","7","13"
"53521","0","10","10"
"54727","2","2","4"
"49793","4","8","12"
"53145","5","9","14"
"53176","5","7","12"
"49957","11","22","33"
"48935","3","1","4"
"55669","1","1","2"
"45451","10","30","40"
"48951","3","12","15"
"49158","1","6","7"
"49281","4","11","15"
"50880","5","10","15"
"42518","0","3","3"
"44229","11","13","24"
"51635","3","6","9"
"51848","15","55","70"
"50341","0","2","2"
"50129","14","10","24"
"44459","1","0","1"
"48575","2","0","2"
"53531","3","5","8"
"43108","0","2","2"
"44489","0","4","4"
"46359","8","5","13"
"47430","1","1","2"
"44875","3","7","10"
"51342","0","2","2"
"43817","13","3","16"
"53313","1","3","4"
"46601","1","2","3"
"50487","7","9","16"
"50559","18","61","79"
"50747","2","8","10"
"42431","5","10","15"
"43137","42","27","69"
"46780","20","16","36"
"51330","87","60","147"
"54058","23","0","23"
"48813","1","4","5"
"55078","5","10","15"
"44979","51","52","103"
"43150","5","6","11"
"54331","1","0","1"
"45755","4","12","16"
"52190","2","3","5"
"51066","0","3","3"
"55602","0","8","8"
"49139","2","11","13"
"44273","5","6","11"
"52077","4","12","16"
"51297","0","8","8"
"51733","5","5","10"
"47137","0","1","1"
"54455","1","2","3"
"52369","16","16","32"
"42699","9","3","12"
"53083","1","8","9"
"46933","3","8","11"
"47664","1","3","4"
"55621","3","4","7"
"45696","2","7","9"
"49256","5","17","22"
"53688","27","160","187"
"47299","1","20","21"
"50681","1","20","21"
"47135","10","16","26"
"42895","5","20","25"
"44089","5","8","13"
"45657","18","161","179"
"49500","3","6","9"
"44205","2","0","2"
"45222","0","3","3"
"50198","24","107","131"
"51321","40","8","48"
"45853","19","22","41"
"46416","2","1","3"
"49125","5","0","5"
"52003","2","2","4"
"48745","24","60","84"
"42343","1","4","5"
"51064","21","40","61"
"50476","52","43","95"
"55924","63","51","114"
"47616","28","112","140"
"53453","21","71","92"
"46326","12","14","26"
"51675","4","0","4"
"44019","1","2","3"
"45415","10","20","30"
"44644","2","1","3"
"51633","1","0","1"
"52344","6","12","18"
"55756","2","4","6"
"55676","2","5","7"
"50921","48","81","129"
"54960","2","2","4"
"45554","0","1","1"
"46461","20","25","45"
"47119","6","7","13"
"44883","3","20","23"
"45878","424","213","637"
"44022","1","18","19"
"49296","2","4","6"
"51385","66","9","75"
"46380","15","7","22"
"48415","3","3","6"
"42593","5","58","63"
"55391","7","5","12"
"43511","3","5","8"
"47858","0","4","4"
"47990","14","11","25"
"47391","2","1","3"
"49557","0","6","6"
"48818","1","1","2"
"42886","5","8","13"
"45353","4","0","4"
"51023","10","10","20"
"49498","44","87","131"
"42206","9","22","31"
"47211","3","3","6"
"49358","4","10","14"
"51849","3","0","3"
"51247","2","2","4"
"43179","23","27","50"
"50955","16","8","24"
"53758","2","0","2"
"50202","1","1","2"
"46942","297","612","909"
"54048","7","8","15"
"53985","24","24","48"
"54409","5","6","11"
"55634","16","3","19"
"44766","5","1","6"
"51079","12","6","18"
"48134","2","6","8"
"44764","1","7","8"
"45565","2","4","6"
"44844","28","33","61"
"47132","87","53","140"
"48154","0","1","1"
"49018","0","1","1"
"52587","4","25","29"
"46847","10","10","20"
"42173","5","5","10"
"50557","23","111","134"
"55224","5","18","23"
"54851","3","4","7"
"51636","0","2","2"
"55520","1","4","5"
"52666","6","4","10"
"44953","0","5","5"
"46385","5","3","8"
"52472","5","8","13"
"51593","40","109","149"
"53839","4","6","10"
"47789","22","12","34"
"48261","1","1","2"
"51719","9","10","19"
"45933","49","133","182"
"48655","5","8","13"
"48896","4","6","10"
"53900","0","4","4"
"55656","12","5","17"
"54867","54","35","89"
"46874","5","3","8"
"51761","11","8","19"
"49889","6","3","9"
"52043","6","10","16"
"49534","0","3","3"
"51639","0","8","8"
"49644","5","15","20"
"44512","100","120","220"
"49171","3","8","11"
"48680","4","8","12"
"48905","20","30","50"
"47813","0","4","4"
"52849","3","6","9"
"43526","1","11","12"
"46611","1","2","3"
"46479","1","4","5"
"49088","9","14","23"
"42363","2","3","5"
"51773","4","8","12"
"45392","1","4","5"
"46477","2","14","16"
"47380","0","2","2"
"55343","25","5","30"
"47969","2","10","12"
"55666","6","4","10"
"51996","168","187","355"
"46143","8","25","33"
"51054","3","8","11"
"50062","29","10","39"
"51969","3","9","12"
"46755","22","4","26"
"54088","2","14","16"
"51515","2","0","2"
"53081","39","42","81"
"54144","3","6","9"
"46255","0","1","1"
"45870","18","16","34"
"46148","0","18","18"
"48076","2","5","7"
"52570","25","20","45"
"45726","4","12","16"
"46369","4","16","20"
"47128","5","9","14"
"53520","9","11","20"
"42635","3","10","13"
"54375","9","14","23"
"51552","10","5","15"
"47509","5","10","15"
"50061","3","3","6"
"51380","1","2","3"
"53087","5","15","20"
"52492","0","4","4"
"50172","5","8","13"
"49408","6","0","6"
"49515","4","24","28"
"50453","0","3","3"
"43086","2","6","8"
"42924","27","4","31"
"42808","12","23","35"
"46863","6","17","23"
"53596","15","22","37"
"47732","2","4","6"
"53533","5","5","10"
"54206","10","15","25"
"44074","6","0","6"
"46526","4","10","14"
"46054","5","45","50"
"47694","1","3","4"
"51086","4","4","8"
"44862","3","7","10"
"55318","2","0","2"
"50306","84","86","170"
"50311","1","0","1"
"51861","5","10","15"
"54115","10","10","20"
"50664","111","67","178"
"49386","4","8","12"
"48363","15","36","51"
"51399","33","7","40"
"48494","7","5","12"
"48543","0","1","1"
"55177","3","8","11"
"47275","12","23","35"
"51445","0","3","3"
"47702","30","65","95"
"43911","59","42","101"
"55814","0","1","1"
"44792","10","11","21"
"43264","4","6","10"
"54982","12","16","28"
"43018","7","7","14"
"49319","0","1","1"
"51176","25","8","33"
"55797","5","0","5"
"44908","4","34","38"
"47832","3","0","3"
"48028","5","5","10"
"42190","2","6","8"
"55776","0","1","1"
"52155","6","17","23"
"52093","0","2","2"
"53424","555","303","858"
"55249","3","3","6"
"45884","1","0","1"
"52982","25","15","40"
"49525","40","35","75"
"43013","0","1","1"
"48967","3","5","8"
"48520","14","10","24"
"44959","4","3","7"
"47564","0","14","14"
"45449","15","16","31"
"42473","10","12","22"
"45973","27","22","49"
"43882","5","12","17"
"51263","0","3","3"
"55360","124","80","204"
"43587","16","13","29"
"45521","5","3","8"
"49977","3","2","5"
"46090","8","13","21"
"50257","1","2","3"
"53061","6","0","6"
"46280","2","5","7"
"48619","0","2","2"
"52583","25","20","45"
"51256","5","41","46"
"43712","4","7","11"
"47749","3","7","10"
"48272","20","70","90"
"49979","5","10","15"
"52953","2","0","2"
"49388","8","12","20"
"54959","5","5","10"
"43586","10","12","22"
"43462","2","5","7"
"55873","25","18","43"
"44956","0","4","4"
"54391","4","8","12"
"55004","2","10","12"
"42193","25","20","45"
"51803","54","98","152"
"54745","2","0","2"
"44745","52","60","112"
"49479","12","8","20"
"43583","3","9","12"
"46065","0","4","4"
"47997","15","0","15"
"55281","3","2","5"
"46335","6","3","9"
"55099","0","1","1"
"49017","8","17","25"
"54953","20","22","42"
"46320","6","4","10"
"51493","1","1","2"
"48315","8","6","14"
"52894","5","10","15"
"46233","1","1","2"
"42171","82","132","214"
"50720","12","18","30"
"55618","0","5","5"
"42482","4","8","12"
"48920","204","65","269"
"50900","3","11","14"
"46831","3","7","10"
"54082","0","5","5"
"50836","2","0","2"
"48901","0","24","24"
"52864","2","4","6"
"52856","5","7","12"
"48162","0","5","5"
"51700","0","5","5"
"50063","2","2","4"
"52926","101","83","184"
"43593","2","8","10"
"44236","1","4","5"
"46149","9","5","14"
"48333","18","25","43"
"54124","1","3","4"
"45974","0","3","3"
"45071","8","8","16"
"48996","10","10","20"
"52092","0","1","1"
"48625","8","0","8"
"43431","2","2","4"
"47078","6","8","14"
"47080","26","59","85"
"48481","16","40","56"
"45218","2","0","2"
"52136","1","3","4"
"54617","2","2","4"
"48695","8","38","46"
"42129","106","127","233"
"48099","0","1","1"
"44905","0","3","3"
"55703","9","8","17"
"44531","0","1","1"
"49521","3","6","9"
"43233","0","3","3"
"51138","2","18","20"
"54990","0","3","3"
"52333","118","136","254"
"48122","1","1","2"
"48789","2","7","9"
"55147","0","6","6"
"55849","10","6","16"
"47896","0","4","4"
"52718","2","8","10"
"49112","6","12","18"
"47892","2","6","8"
"48986","16","7","23"
"52167","7","20","27"
"44964","2","2","4"
"50997","4","4","8"
"54017","27","22","49"
"54678","2","0","2"
"43428","0","1","1"
"52126","14","15","29"
"47304","35","30","65"
"50439","5","10","15"
"50621","32","125","157"
"43668","0","1","1"
"54786","1","2","3"
"44055","2","6","8"
"45695","9","11","20"
"46087","24","26","50"
"54469","1","0","1"
"54152","1","1","2"
"42447","2","0","2"
"46490","1","5","6"
"49068","1","1","2"
"53242","2","1","3"
"42567","30","42","72"
"46127","11","21","32"
"48513","10","7","17"
"49131","2","10","12"
"44495","1","12","13"
"50413","2","3","5"
"54937","5","1","6"
"55614","58","34","92"
"44510","1","0","1"
"54027","7","13","20"
"47190","8","14","22"
"49004","4","31","35"
"49608","15","13","28"
"51195","0","124","124"
"51957","1","1","2"
"50665","2","0","2"
"48049","7","8","15"
"52816","24","56","80"
"53196","2","8","10"
"45596","5","15","20"
"43247","2","3","5"
"44893","1","2","3"
"53933","200","60","260"
"48367","1","6","7"
"44536","2","1","3"
"54424","6","9","15"
"44200","24","40","64"
"43558","10","25","35"
"55548","310","104","414"
"42377","6","0","6"
"42401","10","25","35"
"43768","0","1","1"
"49401","1","2","3"
"50583","29","12","41"
"45484","10","67","77"
"51585","4","24","28"
"49350","231","20","251"
"50123","5","2","7"
"53622","105","58","163"
"45496","40","0","40"
"49717","5","6","11"
"52964","12","34","46"
"46146","9","10","19"
"54810","70","54","124"
"45526","4","8","12"
"50404","7","12","19"
"51084","1","1","2"
"52287","17","8","25"
"42582","2","10","12"
"44981","1","1","2"
"53671","2","6","8"
"47655","0","2","2"
"42560","25","82","107"
"46400","12","10","22"
"47143","18","19","37"
"48656","2","4","6"
"42096","0","5","5"
"45577","1","4","5"
"47358","37","32","69"
"42851","1","1","2"
"42137","0","4","4"
"53598","6","15","21"
"54449","7","8","15"
"44178","8","11","19"
"55628","12","16","28"
"49746","3","5","8"
"42992","0","14","14"
"46383","2","11","13"
"55179","12","13","25"
"55356","48","25","73"
"45080","0","1","1"
"44352","3","0","3"
"42603","10","0","10"
"44528","4","8","12"
"46281","2","8","10"
"49368","1","0","1"
"55845","12","4","16"
"46751","14","7","21"
"48183","5","6","11"
"51282","16","55","71"
"54887","3","1","4"
"51240","11","10","21"
"53347","7","7","14"
"55240","","","60"
"43187","32","33","65"
"46591","5","16","21"
"53706","10","13","23"
"52372","5","24","29"
"55220","7","13","20"
"45601","11","13","24"
"52798","41","168","209"
"44400","10","2","12"
"50228","0","12","12"
"46660","65","81","146"
"44355","2","8","10"
"52803","41","15","56"
"51518","5","12","17"
"44548","0","2","2"
"52634","2","2","4"
"43665","20","40","60"
"45710","539","126","665"
"48323","40","70","110"
"51664","0","1","1"
"46931","12","5","17"
"50214","0","6","6"
"48365","4","90","94"
"46842","2","3","5"
"53168","1","2","3"
"48599","5","3","8"
"53009","2","0","2"
"45716","25","40","65"
"46375","1","0","1"
"53076","3","1","4"
"42943","2","2","4"
"52644","3","10","13"
"50317","10","7","17"
"54265","13","4","17"
"46272","0","2","2"
"52107","10","8","18"
"44513","5","10","15"
"50237","8","8","16"
"46844","25","35","60"
"53572","2","7","9"
"48247","5","30","35"
"51713","4","26","30"
"46678","0","8","8"
"52064","2","1","3"
"46378","2","1","3"
"42978","4","1","5"
"53674","1","1","2"
"48464","3","10","13"
"43198","10","8","18"
"46702","5","10","15"
"42911","1","1","2"
"48442","10","60","70"
"54891","6","14","20"
"47068","11","17","28"
"48473","3","7","10"
"44687","15","0","15"
"46445","36","56","92"
"53980","8","6","14"
"54396","6","26","32"
"44375","5","0","5"
"48632","2","0","2"
"50460","3","12","15"
"48262","1","1","2"
"44367","4","11","15"
"51545","2","1","3"
"43935","6","16","22"
"52687","5","4","9"
"54408","5","10","15"
"50480","57","62","119"
"47041","4","4","8"
"49575","8","4","12"
"51234","1","1","2"
"52503","6","5","11"
"46560","7","14","21"
"53388","45","90","135"
"42977","3","0","3"
"46487","64","33","97"
"53511","10","10","20"
"45906","5","10","15"
"54944","10","14","24"
"47852","2","0","2"
"51133","126","45","171"
"51013","0","16","16"
"43888","15","51","66"
"53118","2","3","5"
"46659","12","28","40"
"42210","4","23","27"
"42478","3","5","8"
"51048","12","0","12"
"44044","16","22","38"
"49967","20","45","65"
"54556","5","15","20"
"48926","6","10","16"
"54291","7","9","16"
"43616","6","12","18"
"49277","14","15","29"
"51880","2","1","3"
"53291","15","63","78"
"45512","136","59","195"
"45941","6","7","13"
"51865","1","4","5"
"42457","25","24","49"
"53275","91","45","136"
"42782","4","1","5"
"47668","1","5","6"
"45653","11","29","40"
"45183","1","0","1"
"53692","3","2","5"
"43895","1","8","9"
"53005","5","0","5"
"49482","0","2","2"
"55612","23","8","31"
"47399","2","2","4"
"49755","1","2","3"
"52780","4","8","12"
"48124","1","0","1"
"51571","3","2","5"
"46373","5","28","33"
"49864","8","4","12"
"53886","3","9","12"
"42627","9","10","19"
"44330","4","2","6"
"47253","8","4","12"
"52542","22","33","55"
"51932","6","19","25"
"53380","22","33","55"
"42195","4","7","11"
"42942","9","3","12"
"47344","2","0","2"
"48115","72","80","152"
"42881","1","4","5"
"51130","21","24","45"
"51606","9","5","14"
"43444","0","1","1"
"45388","0","1","1"
"45811","8","18","26"
"47293","10","16","26"
"52866","0","5","5"
"51519","150","145","295"
"55446","56","77","133"
"45721","4","6","10"
"47262","3","6","9"
"54445","2","5","7"
"44327","0","1","1"
"45191","10","25","35"
"42536","0","3","3"
"53744","2","8","10"
"52601","4","5","9"
"46208","23","2","25"
"46937","0","22","22"
"51540","36","43","79"
"44682","17","37","54"
"49260","7","1","8"
"53427","22","16","38"
"54484","2","2","4"
"45699","1","3","4"
"52201","5","10","15"
"44451","2","2","4"
"44558","11","15","26"
"46111","65","75","140"
"53481","0","1","1"
"43609","7","17","24"
"51027","27","29","56"
"49206","4","10","14"
"51632","23","21","44"
"51268","55","24","79"
"44574","10","10","20"
"44999","0","1","1"
"51192","18","40","58"
"54931","144","75","219"
"48416","4","5","9"
"48046","6","12","18"
"50361","15","10","25"
"51100","4","8","12"
"50280","101","17","118"
"50731","1","0","1"
"52217","14","35","49"
"53888","10","8","18"
"45567","5","8","13"
"49318","7","12","19"
"52397","21","34","55"
"47121","5","3","8"
"47539","13","9","22"
"46554","15","20","35"
"51218","0","3","3"
"49604","2","2","4"
"50376","6","0","6"
"55288","1","0","1"
"52027","0","3","3"
"43945","10","6","16"
"45566","5","9","14"
"51587","2","2","4"
"46478","1","3","4"
"53562","19","7","26"
"45664","4","0","4"
"54437","1","4","5"
"52514","15","18","33"
"42119","10","16","26"
"48225","2","12","14"
"51252","1","0","1"
"42360","10","16","26"
"52907","0","11","11"
"54975","50","50","100"
"51837","9","14","23"
"49609","4","8","12"
"49699","10","20","30"
"50650","15","20","35"
"44692","0","12","12"
"48011","0","1","1"
"52465","4","3","7"
"46658","2","1","3"
"48001","0","3","3"
"43320","89","24","113"
"55284","4","7","11"
"43373","3","0","3"
"53278","5","13","18"
"48135","7","8","15"
"50208","10","20","30"
"51182","3","8","11"
"50091","2","8","10"
"55767","9","7","16"
"51815","4","4","8"
"53221","8","6","14"
"54956","13","9","22"
"54942","5","8","13"
"44572","6","32","38"
"49104","0","2","2"
"53845","4","8","12"
"48362","2","10","12"
"50275","40","25","65"
"51584","6","11","17"
"43162","4","5","9"
"46108","6","1","7"
"43035","1","2","3"
"49930","4","1","5"
"55405","50","65","115"
"53925","6","8","14"
"48616","4","6","10"
"52972","0","5","5"
"46446","15","23","38"
"47707","5","3","8"
"43713","2","2","4"
"55635","5","7","12"
"44783","6","3","9"
"42467","0","24","24"
"45663","8","7","15"
"49346","2","8","10"
"49991","0","5","5"
"44859","20","25","45"
"46857","0","6","6"
"50184","0","2","2"
"50772","8","14","22"
"43928","6","9","15"
"53939","1000","80","1080"
"55060","70","147","217"
"48686","2","5","7"
"43820","2","3","5"
"45689","41","25","66"
"52845","2","2","4"
"54604","4","7","11"
"55091","2","0","2"
"51477","25","14","39"
"49970","2","9","11"
"47776","16","13","29"
"48562","2","9","11"
"50846","0","3","3"
"47697","1","1","2"
"48590","7","14","21"
"44084","15","30","45"
"49221","4","16","20"
"44460","2","6","8"
"47555","29","34","63"
"53802","4","15","19"
"51970","2","6","8"
"54976","3","7","10"
"48105","28","44","72"
"55748","12","16","28"
"48094","7","6","13"
"50777","3","4","7"
"54237","5","9","14"
"48145","8","4","12"
"50818","1","0","1"
"52354","0","8","8"
"55465","2","1","3"
"53112","0","2","2"
"55572","6","13","19"
"46122","4","7","11"
"44175","6","7","13"
"47970","4","6","10"
"50910","18","16","34"
"55302","35","25","60"
"49629","11","6","17"
"50260","23","11","34"
"53731","10","8","18"
"46536","11","36","47"
"51819","3","0","3"
"44334","2","13","15"
"52148","21","60","81"
"47738","20","21","41"
"53298","3","0","3"
"47176","4","5","9"
"53280","6","9","15"
"47608","8","30","38"
"48304","7","26","33"
"42686","3","7","10"
"47071","0","1","1"
"45757","9","7","16"
"50926","4","6","10"
"55252","7","8","15"
"42304","7","10","17"
"45540","1","1","2"
"46950","2","4","6"
"42337","10","20","30"
"48395","21","15","36"
"43872","0","1","1"
"48352","0","3","3"
"45330","7","42","49"
"45411","2","12","14"
"52307","10","16","26"
"45096","2","2","4"
"48096","0","2","2"
"48710","2","8","10"
"47022","3","4","7"
"47624","0","3","3"
"55234","1","2","3"
"52545","18","12","30"
"49000","0","20","20"
"51359","4","5","9"
"42503","13","20","33"
"49194","8","15","23"
"44224","17","8","25"
"51470","2","2","4"
"47792","3","5","8"
"52391","0","4","4"
"54770","3","9","12"
"48275","0","4","4"
"53800","0","1","1"
"43544","0","1","1"
"45171","4","15","19"
"53151","109","78","187"
"42495","5","8","13"
"54177","5","8","13"
"53063","1","2","3"
"43644","2","1","3"
"45466","2","1","3"
"50069","0","5","5"
"45758","2","4","6"
"54389","8","15","23"
"42333","0","1","1"
"51490","0","2","2"
"44811","3","7","10"
"50271","30","48","78"
"55153","3","3","6"
"52311","4","7","11"
"43109","4","6","10"
"46506","13","13","26"
"48960","10","5","15"
"50922","7","15","22"
"44824","10","25","35"
"47860","2","2","4"
"53333","10","13","23"
"47226","3","2","5"
"50272","4","4","8"
"48113","1","2","3"
"53223","19","15","34"
"50389","9","29","38"
"52574","30","26","56"
"47650","0","4","4"
"50722","1","0","1"
"54802","5","8","13"
"42570","6","9","15"
"52525","5","19","24"
"42601","31","40","71"
"50726","2","0","2"
"46860","0","3","3"
"52462","2","4","6"
"47112","1","9","10"
"54788","4","6","10"
"48769","3","9","12"
"54720","74","131","205"
"44894","6","6","12"
"54505","1","0","1"
"48056","888","184","1072"
"44365","1","0","1"
"53468","1","1","2"
"44944","8","4","12"
"52870","5","7","12"
"54163","163","187","350"
"43420","15","30","45"
"52266","10","8","18"
"45369","0","1","1"
"47840","11","7","18"
"48880","10","31","41"
"45102","0","8","8"
"46458","9","5","14"
"53436","1","2","3"
"50416","6","10","16"
"54140","3","7","10"
"54200","3","12","15"
"54923","1","10","11"
"47580","2","1","3"
"48785","15","4","19"
"49713","4","5","9"
"49290","8","6","14"
"53846","34","18","52"
"50223","12","22","34"
"44125","22","14","36"
"42696","10","0","10"
"51070","0","2","2"
"45621","80","60","140"
"54166","1","1","2"
"51125","7","5","12"
"47141","1","1","2"
"51371","0","3","3"
"52000","6","12","18"
"50550","1","2","3"
"53092","4","2","6"
"46532","1","0","1"
"49418","4","5","9"
"50523","4","8","12"
"52029","2","4","6"
"51210","12","0","12"
"50072","29","75","104"
"43161","10","12","22"
"55018","9","10","19"
"43664","4","10","14"
"50863","3","0","3"
"47242","24","16","40"
"48768","13","27","40"
"43455","3","3","6"
"42292","5","8","13"
"44289","5","7","12"
"45128","7","20","27"
"46157","5","8","13"
"53891","2","1","3"
"50066","0","4","4"
"42246","14","19","33"
"42823","21","40","61"
"51311","2","0","2"
"43466","8","13","21"
"45414","2","0","2"
"43704","0","1","1"
"50839","2","2","4"
"54737","13","7","20"
"42813","0","15","15"
"45938","22","34","56"
"48252","50","65","115"
"55692","9","4","13"
"47888","100","21","121"
"52067","2","5","7"
"45943","4","26","30"
"49306","6","7","13"
"47815","17","24","41"
"52958","4","14","18"
"46515","0","3","3"
"48644","4","12","16"
"51614","0","2","2"
"46987","2","2","4"
"51185","16","79","95"
"53613","0","2","2"
"42979","0","2","2"
"54313","3","6","9"
"46408","4","6","10"
"55566","9","13","22"
"55790","8","16","24"
"51260","5","9","14"
"53871","1","0","1"
"55222","3","9","12"
"51569","10","7","17"
"54440","5","3","8"
"55383","1","0","1"
"54324","8","12","20"
"45157","2","2","4"
"48086","4","2","6"
"53325","20","42","62"
"53974","1","2","3"
"45205","1","1","2"
"53137","10","10","20"
"44050","2","0","2"
"49596","0","12","12"
"53071","471","442","913"
"54182","2","3","5"
"46759","0","8","8"
"51186","4","7","11"
"50382","4","17","21"
"47914","0","6","6"
"50860","2","12","14"
"54823","2","6","8"
"49872","0","1","1"
"42436","3","3","6"
"46321","7","4","11"
"53195","8","2","10"
"49413","0","1","1"
"49061","6","5","11"
"54425","2","10","12"
"55595","0","3","3"
"43669","1","2","3"
"54325","36","93","129"
"54039","6","12","18"
"51480","0","5","5"
"43298","12","18","30"
"53060","9","12","21"
"46059","4","24","28"
"51543","2","1","3"
"52667","7","0","7"
"45966","2","4","6"
"53190","16","0","16"
"44983","0","2","2"
"47228","2","1","3"
"48596","1","1","2"
"51052","17","35","52"
"53836","2","4","6"
"47517","3","4","7"
"54134","2","2","4"
"46726","88","66","154"
"45536","5","8","13"
"49550","6","0","6"
"54462","4","5","9"
"53218","10","33","43"
"45260","1","1","2"
"47250","1","3","4"
"46692","1","7","8"
"44279","8","40","48"
"50318","66","87","153"
"43259","2","3","5"
"49320","2","26","28"
"46650","10","20","30"
"45048","15","20","35"
"43580","2","6","8"
"44359","1","0","1"
"53041","4","9","13"
"53170","27","14","41"
"53394","200","236","436"
"44285","2","0","2"
"48310","5","21","26"
"46407","4","1","5"
"54681","6","4","10"
"45976","2","2","4"
"43021","4","6","10"
"51061","14","43","57"
"42991","","","35"
"54229","6","10","16"
"48511","13","19","32"
"42369","3","6","9"
"54758","4","5","9"
"46930","1","2","3"
"48306","1","1","2"
"43676","0","1","1"
"47592","2","3","5"
"50738","1","1","2"
"44441","1","1","2"
"46928","3","4","7"
"48944","55","17","72"
"45007","20","97","117"
"51101","18","6","24"
"50191","3","16","19"
"45725","3","4","7"
"49417","19","45","64"
"45216","3","5","8"
"49261","4","6","10"
"43005","9","1","10"
"49030","6","5","11"
"49709","8","17","25"
"45986","0","5","5"
"44588","2","11","13"
"45044","27","40","67"
"48222","15","27","42"
"43986","1","1","2"
"49058","8","17","25"
"55575","4","5","9"
"44705","2","4","6"
"49365","15","6","21"
"52284","5","10","15"
"43984","36","37","73"
"51727","1","2","3"
"52970","5","15","20"
"45925","5","10","15"
"50370","4","8","12"
"50138","3","4","7"
"50327","10","5","15"
"52675","4","8","12"
"46270","4","18","22"
"45064","4","5","9"
"52224","0","39","39"
"45053","3","7","10"
"45083","5","13","18"
"50993","39","15","54"
"52049","4","5","9"
"50544","70","48","118"
"42461","4","10","14"
"46118","4","8","12"
"55192","2","0","2"
"46151","6","9","15"
"46376","2","4","6"
"55210","0","2","2"
"48320","12","12","24"
"49800","20","20","40"
"55312","373","382","755"
"46355","1","1","2"
"51080","10","10","20"
"51760","9","10","19"
"47777","1","5","6"
"50334","10","12","22"
"52264","5","20","25"
"54559","2","2","4"
"49166","67","12","79"
"50256","2","4","6"
"53855","6","14","20"
"43758","7","41","48"
"49415","0","3","3"
"55513","7","4","11"
"45108","1","4","5"
"47401","5","5","10"
"48029","104","64","168"
"51662","3","5","8"
"42271","1","1","2"
"55654","4","0","4"
"46209","1","2","3"
"50754","7","9","16"
"51285","4","5","9"
"49672","6","1","7"
"42248","8","8","16"
"47994","8","3","11"
"51577","5","8","13"
"45117","4","24","28"
"52655","36","24","60"
"52997","7","12","19"
"53251","31","43","74"
"51963","6","1","7"
"55495","2","6","8"
"44025","5","10","15"
"45575","0","36","36"
"45609","0","1","1"
"49369","50","100","150"
"53166","141","19","160"
"52616","6","10","16"
"52095","25","205","230"
"55007","5","6","11"
"49447","5","21","26"
"50006","2","0","2"
"46555","2","5","7"
"45684","6","9","15"
"48453","5","0","5"
"51532","0","17","17"
"42081","0","2","2"
"46028","26","17","43"
"49209","6","15","21"
"45499","4","8","12"
"55805","1","0","1"
"53819","8","16","24"
"53205","5","13","18"
"47342","2","4","6"
"47227","2","15","17"
"48033","104","65","169"
"48334","11","18","29"
"45137","14","26","40"
"46825","5","8","13"
"42439","0","1","1"
"45859","3","4","7"
"53372","59","86","145"
"46048","0","6","6"
"47856","5","25","30"
"50962","","","83"
"49896","3","6","9"
"55418","0","4","4"
"48805","0","5","5"
"51026","7","0","7"
"53443","1","2","3"
"49288","7","22","29"
"54000","8","11","19"
"46324","0","20","20"
"47054","0","8","8"
"47952","0","8","8"
"48191","2","4","6"
"55796","6","12","18"
"52232","7","18","25"
"53828","24","19","43"
"53834","10","5","15"
"48251","84","20","104"
"44523","3","1","4"
"55678","20","49","69"
"50814","36","74","110"
"45592","1","0","1"
"45116","6","8","14"
"55491","1","1","2"
"51160","10","27","37"
"47124","13","18","31"
"45502","2","2","4"
"50812","2","7","9"
"53868","17","18","35"
"51823","4","5","9"
"55864","4","9","13"
"54386","2","0","2"
"47985","27","63","90"
"52213","34","57","91"
"44065","22","0","22"
"54299","5","7","12"
"45727","10","28","38"
"48988","7","7","14"
"45176","5","9","14"
"45208","3","7","10"
"47395","54","10","64"
"44655","8","13","21"
"46973","7","18","25"
"54072","10","16","26"
"42128","5","9","14"
"44366","7","7","14"
"48019","7","7","14"
"50366","0","1","1"
"55429","2","6","8"
"46970","9","12","21"
"55729","12","0","12"
"55882","8","16","24"
"45336","1","2","3"
"46492","9","15","24"
"44020","4","4","8"
"55149","10","4","14"
"45291","5","7","12"
"42144","7","15","22"
"42251","3","5","8"
"55193","150","250","400"
"53484","4","6","10"
"51320","3","7","10"
"54708","18","32","50"
"55225","4","11","15"
"48850","72","44","116"
"43152","1","0","1"
"43688","89","115","204"
"50390","10","25","35"
"52474","0","8","8"
"55332","299","56","355"
"52198","2","2","4"
"51744","3","23","26"
"45839","4","0","4"
"53113","48","56","104"
"42542","3","3","6"
"45049","2","2","4"
"42817","0","10","10"
"47458","5","5","10"
"51746","40","35","75"
"50838","50","75","125"
"53957","2","7","9"
"47931","2","6","8"
"53628","37","35","72"
"53915","15","33","48"
"46804","1","1","2"
"54715","5","9","14"
"46981","12","14","26"
"48774","4","2","6"
"52291","5","7","12"
"54036","6","10","16"
"47851","6","10","16"
"53587","5","4","9"
"47523","7","16","23"
"45767","3","3","6"
"47292","5","5","10"
"49738","0","2","2"
"50448","9","13","22"
"50192","1","3","4"
"44481","57","64","121"
"46193","3","10","13"
"45796","6","8","14"
"43364","11","12","23"
"51244","1","1","2"
"51690","10","14","24"
"50232","105","165","270"
"53412","7","13","20"
"42908","7","1","8"
"51745","0","14","14"
"55086","50","81","131"
"46022","8","14","22"
"46888","0","1","1"
"52141","3","6","9"
"42093","10","16","26"
"42113","1","1","2"
"54369","18","48","66"
"52893","35","130","165"
"47134","2","13","15"
"54813","1","3","4"
"49406","80","72","152"
"46747","2","2","4"
"54491","0","6","6"
"43091","5","10","15"
"48032","2","3","5"
"50224","89","180","269"
"45016","3","3","6"
"50804","3","7","10"
"46015","1","0","1"
"55089","10","10","20"
"52733","44","24","68"
"44221","0","1","1"
"54240","21","15","36"
"43141","12","9","21"
"52247","6","18","24"
"42402","12","6","18"
"55428","6","8","14"
"44091","8","8","16"
"55065","46","66","112"
"55674","3","7","10"
"45862","7","5","12"
"47126","0","6","6"
"47272","1","1","2"
"44300","1","2","3"
"44343","7","17","24"
"47094","8","11","19"
"54250","4","7","11"
"54401","1","0","1"
"48922","5","14","19"
"51554","3","10","13"
"51200","2","5","7"
"45094","0","12","12"
"53561","1","1","2"
"43825","6","12","18"
"44419","2","1","3"
"47758","2","2","4"
"55726","2","1","3"
"42484","2","12","14"
"42513","4","6","10"
"47874","5","10","15"
"49902","339","98","437"
"48034","6","4","10"
"50304","8","16","24"
"52788","12","12","24"
"45124","2","3","5"
"46681","2","6","8"
"43885","36","36","72"
"51708","7","8","15"
"55326","20","18","38"
"55344","16","9","25"
"54627","12","0","12"
"42880","2","5","7"
"55696","5","6","11"
"46889","5","10","15"
"48854","5","6","11"
"51953","1","0","1"
"52591","15","15","30"
"55367","0","6","6"
"49788","8","12","20"
"51736","2","7","9"
"47636","28","65","93"
"46020","25","25","50"
"50590","6","10","16"
"55663","21","13","34"
"49102","1","0","1"
"46778","12","6","18"
"49853","15","5","20"
"45844","3","5","8"
"48961","0","5","5"
"49291","6","7","13"
"54150","16","24","40"
"51360","8","13","21"
"53513","9","11","20"
"44763","3","4","7"
"47552","11","11","22"
"53926","2","6","8"
"46337","4","7","11"
"47885","18","18","36"
"46644","0","1","1"
"47109","2","8","10"
"48870","50","73","123"
"49093","4","16","20"
"44041","1","1","2"
"44153","6","12","18"
"44638","24","26","50"
"45112","12","12","24"
"54320","3","8","11"
"44350","3","7","10"
"45239","16","18","34"
"50585","5","0","5"
"48219","2","0","2"
"46975","297","612","909"
"48808","8","18","26"
"53722","1","8","9"
"43543","40","21","61"
"47258","6","3","9"
"52680","0","7","7"
"53355","8","18","26"
"55531","5","5","10"
"46240","2","1","3"
"45922","30","98","128"
"42336","3","7","10"
"43078","15","42","57"
"44995","0","7","7"
"47331","8","9","17"
"47423","3","6","9"
"53307","8","12","20"
"55407","3","9","12"
"51714","3","4","7"
"52882","2","3","5"
"55359","4","6","10"
"46056","11","15","26"
"55039","104","54","158"
"52971","0","3","3"
"53172","3","2","5"
"53984","6","1","7"
"44018","1","1","2"
"55048","43","43","86"
"46870","5","13","18"
"44062","4","20","24"
"45785","6","0","6"
"50638","15","31","46"
"49760","12","10","22"
"51550","0","2","2"
"53253","1","1","2"
"44154","24","16","40"
"51906","6","8","14"
"53135","11","15","26"
"54175","4","12","16"
"55468","5","8","13"
"55785","7","21","28"
"52741","8","9","17"
"50867","38","30","68"
"48641","9","54","63"
"42458","3","8","11"
"45042","4","9","13"
"49554","7","5","12"
"53348","9","15","24"
"55296","2","3","5"
"52832","5","13","18"
"54618","24","16","40"
"46476","3","0","3"
"50532","15","16","31"
"55517","9","5","14"
"45516","1","1","2"
"53065","4","16","20"
"45065","15","35","50"
"50344","6","6","12"
"47034","4","4","8"
"45194","6","30","36"
"55124","11","10","21"
"46581","21","38","59"
"43854","3","0","3"
"46053","11","9","20"
"47977","1","2","3"
"50953","18","61","79"
"48668","28","17","45"
"42912","5","10","15"
"46510","5","7","12"
"54833","6","23","29"
"47104","4","8","12"
"48716","5","5","10"
"53003","11","11","22"
"49905","10","8","18"
"53259","192","143","335"
"51855","10","20","30"
"52559","30","32","62"
"54586","4","7","11"
"54789","0","5","5"
"50564","4","0","4"
"42347","3","0","3"
"52665","3","5","8"
"49452","18","3","21"
"45942","35","25","60"
"53270","10","10","20"
"47167","0","8","8"
"50054","2","5","7"
"50170","2","2","4"
"43952","1","0","1"
"51071","3","0","3"
"46170","4","4","8"
"48898","10","2","12"
"50798","1","1","2"
"54980","0","8","8"
"54244","3","5","8"
"52526","62","153","215"
"46246","45","116","161"
"49956","4","4","8"
"46082","5","36","41"
"48142","2","3","5"
"48237","8","16","24"
"46607","6","6","12"
"53445","2","25","27"
"50240","5","5","10"
"42962","15","12","27"
"45145","10","13","23"
"44931","30","36","66"
"55931","2","1","3"
"42678","4","6","10"
"52145","4","6","10"
"53297","7","12","19"
"43222","1","3","4"
"43131","1","3","4"
"49219","10","15","25"
"43924","5","15","20"
"48682","4","8","12"
"52164","1","0","1"
"52985","3","5","8"
"45441","88","18","106"
"49968","14","15","29"
"52938","100","50","150"
"55664","53","29","82"
"55399","1","2","3"
"55704","2","2","4"
"50315","170","214","384"
"43099","2","6","8"
"49399","9","5","14"
"55328","20","50","70"
"50033","1","3","4"
"45561","4","2","6"
"44174","2","6","8"
"55050","230","160","390"
"50488","8","27","35"
"42348","5","3","8"
"47356","2","10","12"
"49029","30","60","90"
"45097","5","4","9"
"50180","8","14","22"
"51598","9","5","14"
"43534","10","16","26"
"46884","2","1","3"
"46074","2","0","2"
"55818","2","1","3"
"51391","2","7","9"
"55162","2","11","13"
"46965","297","612","909"
"53062","1","3","4"
"46418","1","3","4"
"50826","4","0","4"
"55794","13","17","30"
"51273","65","388","453"
"42565","0","7","7"
"46543","2","4","6"
"53565","4","6","10"
"55716","0","2","2"
"49682","4","0","4"
"54831","7","7","14"
"54909","0","3","3"
"55043","2","8","10"
"47519","100","150","250"
"48241","0","2","2"
"44247","7","13","20"
"55049","4","2","6"
"43486","8","10","18"
"54451","4","9","13"
"50695","6","10","16"
"53786","0","1","1"
"45735","46","107","153"
"42314","8","0","8"
"49722","2","0","2"
"50579","0","4","4"
"55437","0","2","2"
"42892","2","2","4"
"49563","24","13","37"
"46514","18","23","41"
"51782","4","5","9"
"44911","16","1","17"
"43237","10","32","42"
"46459","5","10","15"
"45115","12","5","17"
"49284","0","7","7"
"55496","50","11","61"
"47351","0","39","39"
"54943","0","1","1"
"50690","7","32","39"
"46051","5","12","17"
"55270","3","0","3"
"47827","2","10","12"
"48445","12","7","19"
"54877","2","7","9"
"42520","4","6","10"
"51081","10","32","42"
"53516","10","28","38"
"43443","5","0","5"
"45899","1","4","5"
"48684","7","6","13"
"42476","0","2","2"
"48467","5","8","13"
"50466","25","17","42"
"52962","11","11","22"
"45858","5","15","20"
"45888","4","7","11"
"51926","348","52","400"
"44286","0","2","2"
"54679","6","3","9"
"43145","1","2","3"
"50855","36","81","117"
"52037","5","3","8"
"54636","12","10","22"
"43313","1","2","3"
"54356","8","12","20"
"45025","4","6","10"
"42107","0","3","3"
"49183","10","15","25"
"50543","0","4","4"
"44171","7","21","28"
"48226","3","1","4"
"51319","2","10","12"
"44163","0","1","1"
"47138","1","2","3"
"52260","0","3","3"
"46730","15","45","60"
"52267","7","4","11"
"51858","0","2","2"
"52558","24","12","36"
"46088","4","8","12"
"53936","4","4","8"
"46836","4","6","10"
"47042","11","7","18"
"52520","25","17","42"
"52273","197","26","223"
"53162","111","110","221"
"45768","4","6","10"
"44256","3","78","81"
"48440","1","0","1"
"46964","8","1","9"
"50387","6","6","12"
"44997","16","11","27"
"48303","9","30","39"
"46865","10","55","65"
"45385","3","0","3"
"48126","10","10","20"
"52621","6","7","13"
"47556","16","16","32"
"52695","11","3","14"
"45334","1","2","3"
"48458","2","2","4"
"47962","30","32","62"
"50555","0","1","1"
"51620","6","24","30"
"45874","8","7","15"
"43168","4","5","9"
"52909","2","2","4"
"43752","1","0","1"
"46003","62","18","80"
"51981","4","14","18"
"46140","0","2","2"
"42707","17","15","32"
"52286","0","6","6"
"49157","1","3","4"
"49785","2","30","32"
"53773","3","7","10"
"47833","2","7","9"
"50107","5","14","19"
"43711","0","6","6"
"45967","1","1","2"
"48548","3","7","10"
"47105","2","4","6"
"45091","5","6","11"
"55717","19","24","43"
"54068","4","9","13"
"44370","10","7","17"
"47418","7","18","25"
"51939","149","29","178"
"55649","5","8","13"
"47420","12","12","24"
"47554","1","5","6"
"53219","5","5","10"
"48860","10","20","30"
"49266","4","21","25"
"50622","132","62","194"
"52704","6","20","26"
"53295","226","116","342"
"49074","3","3","6"
"47257","4","6","10"
"53004","2","5","7"
"55453","3","4","7"
"51998","6","14","20"
"43966","4","14","18"
"47435","6","10","16"
"45037","1","1","2"
"52373","1","1","2"
"55702","1","0","1"
"44802","12","15","27"
"51357","32","26","58"
"48132","4","3","7"
"49236","11","16","27"
"46216","5","8","13"
"51196","3","6","9"
"51666","30","27","57"
"48475","2","6","8"
"52794","120","70","190"
"46263","1","1","2"
"53659","2","5","7"
"44406","5","12","17"
"46507","8","14","22"
"50331","0","2","2"
"47431","5","13","18"
"48940","0","12","12"
"43248","2","3","5"
"45093","0","1","1"
"50684","2","6","8"
"46389","0","4","4"
"47306","27","0","27"
"53924","4","6","10"
"55203","74","13","87"
"45738","8","35","43"
"43570","15","6","21"
"54582","2","4","6"
"45843","5","14","19"
"53754","2","10","12"
"53905","10","0","10"
"49184","20","13","33"
"43843","1","0","1"
"43995","15","30","45"
"44490","2","3","5"
"49094","10","30","40"
"53615","1","2","3"
"43481","5","4","9"
"51695","6","2","8"
"49674","2","6","8"
"55316","16","11","27"
"55250","0","1","1"
"52846","4","3","7"
"55853","5","5","10"
"48466","2","5","7"
"52921","3","0","3"
"46745","7","18","25"
"51028","5","7","12"
"51476","2","1","3"
"45501","3","10","13"
"52006","0","4","4"
"53311","5","7","12"
"52980","14","46","60"
"44646","2","2","4"
"51118","8","10","18"
"44923","0","1","1"
"48070","3","8","11"
"47062","3","7","10"
"50857","74","181","255"
"51862","5","8","13"
"54292","8","12","20"
"47666","4","2","6"
"48044","162","191","353"
"48092","2","30","32"
"50891","8","8","16"
"42469","4","9","13"
"54649","6","12","18"
"48424","5","6","11"
"55510","12","10","22"
"49954","3","4","7"
"46030","10","5","15"
"54614","8","11","19"
"44526","0","1","1"
"54973","2","4","6"
"53185","4","6","10"
"43686","4","0","4"
"48718","4","12","16"
"51955","10","10","20"
"55275","3","8","11"
"43038","64","64","128"
"45538","0","4","4"
"51891","2","13","15"
"55113","4","2","6"
"49562","8","3","11"
"52507","4","2","6"
"51817","1","2","3"
"47528","1","4","5"
"49353","39","37","76"
"53102","3","3","6"
"53269","3","1","4"
"51453","10","3","13"
"43912","6","4","10"
"48386","0","6","6"
"54766","75","156","231"
"45076","82","54","136"
"47427","10","43","53"
"48109","8","16","24"
"46387","5","5","10"
"48577","26","56","82"
"45915","7","48","55"
"46544","2","4","6"
"52792","12","17","29"
"43081","10","2","12"
"45333","7","6","13"
"44095","16","16","32"
"46334","0","1","1"
"42508","3","6","9"
"43304","1","6","7"
"46583","5","1","6"
"50253","7","30","37"
"50594","28","14","42"
"46630","92","69","161"
"54957","3","7","10"
"47683","6","20","26"
"50874","1","2","3"
"47118","1","5","6"
"45640","3","13","16"
"45977","5","5","10"
"54662","2","2","4"
"47876","14","30","44"
"42456","80","81","161"
"48722","2","2","4"
"47594","0","12","12"
"43764","5","9","14"
"46496","1","7","8"
"52412","6","10","16"
"55909","10","25","35"
"44564","6","7","13"
"51462","10","0","10"
"44006","14","12","26"
"50112","8","24","32"
"46362","1","2","3"
"45803","6","10","16"
"53093","2","2","4"
"42781","0","5","5"
"55498","0","6","6"
"47572","14","23","37"
"49898","2","5","7"
"50419","5","13","18"
"55408","3","4","7"
"47975","8","7","15"
"45166","10","5","15"
"55834","3","0","3"
"47913","57","49","106"
"53029","10","14","24"
"43023","8","10","18"
"52834","8","30","38"
"46180","72","54","126"
"52738","17","16","33"
"47588","2","3","5"
"54118","3","2","5"
"49397","20","20","40"
"48574","0","3","3"
"48672","0","92","92"
"51556","11","8","19"
"55559","1","2","3"
"55721","4","8","12"
"47679","1","0","1"
"43857","5","8","13"
"54963","3","5","8"
"54664","2","2","4"
"49990","202","136","338"
"52171","10","2","12"
"51466","3","3","6"
"54924","3","9","12"
"51124","0","1","1"
"45771","8","17","25"
"46101","2","10","12"
"45120","5","8","13"
"55802","6","9","15"
"51146","5","10","15"
"50052","20","10","30"
"52283","78","31","109"
"44505","2","4","6"
"48305","5","5","10"
"55372","51","46","97"
"52577","23","16","39"
"43634","21","24","45"
"45073","8","4","12"
"48676","4","8","12"
"54748","152","48","200"
"46026","2","4","6"
"48059","10","12","22"
"54406","0","4","4"
"47175","1","0","1"
"53865","7","12","19"
"45125","0","2","2"
"45838","7","24","31"
"52433","15","25","40"
"54726","20","20","40"
"47303","4","2","6"
"43001","3","8","11"
"47203","2","1","3"
"46878","2","5","7"
"44457","2","3","5"
"48777","5","5","10"
"55470","2","3","5"
"53496","1","1","2"
"48149","14","22","36"
"51363","8","30","38"
"42554","4","0","4"
"48518","0","2","2"
"53662","1","1","2"
"54782","1","3","4"
"55755","9","17","26"
"52575","349","112","461"
"54762","102","39","141"
"43087","0","20","20"
"47398","4","0","4"
"48708","11","12","23"
"46040","4","1","5"
"55135","2","3","5"
"48894","50","38","88"
"50264","11","23","34"
"47027","25","30","55"
"47302","2","2","4"
"55826","21","7","28"
"51230","2","10","12"
"50229","1","1","2"
"48932","3","2","5"
"44054","13","42","55"
"49161","30","50","80"
"49910","235","121","356"
"51031","8","8","16"
"45182","1","0","1"
"46130","6","4","10"
"44012","2","3","5"
"45458","0","5","5"
"49199","12","84","96"
"49610","2","5","7"
"50296","2","3","5"
"53795","4","12","16"
"43806","2","14","16"
"46000","2","0","2"
"50647","5","10","15"
"53303","2","4","6"
"52426","5","14","19"
"49797","1","0","1"
"45834","0","7","7"
"46330","72","80","152"
"48735","0","30","30"
"48125","4","7","11"
"44336","18","2","20"
"45275","2","4","6"
"55333","40","35","75"
"49697","8","16","24"
"44144","9","8","17"
"45438","3","0","3"
"55560","5","8","13"
"50348","11","11","22"
"45587","1","0","1"
"44104","168","78","246"
"46093","5","22","27"
"47968","10","20","30"
"55233","10","17","27"
"49022","11","33","44"
"54968","0","3","3"
"51954","1","7","8"
"49326","15","9","24"
"50761","2","2","4"
"50852","49","98","147"
"55434","2","3","5"
"49248","18","62","80"
"50220","1","2","3"
"53039","8","11","19"
"55919","2","3","5"
"51092","3","5","8"
"55169","0","2","2"
"48302","8","16","24"
"44795","5","4","9"
"50249","2","0","2"
"44226","2","0","2"
"45317","10","15","25"
"51045","4","4","8"
"53406","5","15","20"
"54784","1","0","1"
"43835","6","12","18"
"47915","4","3","7"
"48123","2","5","7"
"52594","6","16","22"
"46402","8","10","18"
"50160","10","30","40"
"55023","5","10","15"
"47976","6","1","7"
"53354","1","2","3"
"52901","6","8","14"
"55034","0","1","1"
"45187","4","7","11"
"44906","4","8","12"
"44696","2","4","6"
"46610","1","2","3"
"46525","2","0","2"
"49181","90","150","240"
"51757","12","12","24"
"55927","15","12","27"
"42450","0","3","3"
"53051","4","6","10"
"42415","24","14","38"
"43723","50","50","100"
"48679","10","12","22"
"44775","3","5","8"
"43374","3","0","3"
"48074","0","14","14"
"51656","0","5","5"
"47279","1","2","3"
"53056","6","11","17"
"45667","414","145","559"
"46961","14","37","51"
"48586","7","15","22"
"50620","1","2","3"
"51006","5","0","5"
"48151","4","5","9"
"43849","2","12","14"
"53175","2","3","5"
"45141","14","9","23"
"45326","4","3","7"
"45954","15","33","48"
"52242","11","15","26"
"53111","0","1","1"
"52183","14","30","44"
"55339","22","9","31"
"52569","5","4","9"
"43211","2","6","8"
"44191","2","5","7"
"47002","12","8","20"
"52790","3","6","9"
"49544","4","15","19"
"45841","1","1","2"
"55863","12","3","15"
"42163","0","3","3"
"49448","5","10","15"
"53732","4","3","7"
"42797","10","68","78"
"47377","0","5","5"
"52543","25","25","50"
"55667","6","6","12"
"54145","5","5","10"
"53814","2","2","4"
"45008","25","36","61"
"50932","2","10","12"
"53013","32","29","61"
"54219","5","7","12"
"50969","7","12","19"
"51642","15","10","25"
"52370","4","1","5"
"53120","4","10","14"
"54398","6","11","17"
"50856","14","15","29"
"51899","8","16","24"
"45338","3","5","8"
"50886","5","12","17"
"49854","0","2","2"
"49474","9","10","19"
"47024","4","4","8"
"51929","10","16","26"
"45766","39","11","50"
"46946","55","20","75"
"47742","1","1","2"
"51763","10","12","22"
"55349","0","10","10"
"54864","116","180","296"
"46856","179","36","215"
"46636","350","161","511"
"48357","5","7","12"
"49145","194","93","287"
"42273","6","12","18"
"51734","0","4","4"
"49487","0","2","2"
"54666","71","32","103"
"43811","4","1","5"
"50646","2","2","4"
"46368","7","4","11"
"46225","16","20","36"
"46818","28","33","61"
"49427","4","8","12"
"53466","13","10","23"
"51973","65","40","105"
"55599","10","12","22"
"43116","4","7","11"
"45815","1","0","1"
"54007","3","4","7"
"48639","9","31","40"
"51943","5","8","13"
"45429","0","6","6"
"53734","7","2","9"
"52347","10","35","45"
"55480","14","38","52"
"46695","16","14","30"
"50025","1","0","1"
"53413","5","1","6"
"45608","0","12","12"
"48140","1","4","5"
"42929","6","4","10"
"52830","1","5","6"
"48208","20","30","50"
"42916","4","9","13"
"48999","7","5","12"
"48842","0","2","2"
"48545","4","9","13"
"50189","1","6","7"
"52131","4","17","21"
"52799","15","8","23"
"45213","12","28","40"
"43308","13","37","50"
"44447","6","8","14"
"44777","7","7","14"
"48968","6","1","7"
"55850","1616","512","2128"
"46428","1","0","1"
"53805","6","8","14"
"52405","7","8","15"
"43746","3","4","7"
"43965","6","7","13"
"48221","0","8","8"
"53191","2","0","2"
"44034","10","3","13"
"50396","1","1","2"
"46662","5","5","10"
"47281","0","10","10"
"47532","0","1","1"
"49297","3","5","8"
"49426","7","5","12"
"46190","10","12","22"
"47859","30","27","57"
"52050","5","9","14"
"44126","12","12","24"
"54866","2","3","5"
"52965","1","1","2"
"42116","9","30","39"
"45719","3","0","3"
"55645","37","190","227"
"48039","1","2","3"
"54099","11","9","20"
"47286","35","26","61"
"45164","28","42","70"
"51040","16","10","26"
"55449","560","200","760"
"46155","10","15","25"
"46876","36","23","59"
"50639","2","5","7"
"51717","2","3","5"
"49726","8","21","29"
"53661","2","4","6"
"50674","2","6","8"
"43833","2","2","4"
"48200","50","80","130"
"51173","52","6","58"
"48975","3","2","5"
"54227","8","28","36"
"54358","80","26","106"
"50827","8","0","8"
"52674","11","10","21"
"48167","2","10","12"
"51529","2","1","3"
"54373","26","10","36"
"45650","49","42","91"
"51325","7","25","32"
"51354","90","53","143"
"47414","6","13","19"
"54249","10","10","20"
"51091","3","3","6"
"49655","4","5","9"
"52863","8","17","25"
"51830","0","2","2"
"55352","5","10","15"
"45793","1","7","8"
"50659","3","3","6"
"48407","12","13","25"
"48957","1","1","2"
"52019","2","1","3"
"50430","1","2","3"
"49615","4","5","9"
"46460","0","1","1"
"43433","8","8","16"
"50912","1","4","5"
"47335","17","20","37"
"55351","2","5","7"
"51672","0","1","1"
"46982","24","16","40"
"51078","6","4","10"
"43075","5","8","13"
"48512","0","2","2"
"44954","2","4","6"
"54264","3","4","7"
"44143","0","9","9"
"49748","1","2","3"
"47822","6","5","11"
"49373","4","6","10"
"53119","12","32","44"
"44213","14","10","24"
"54590","8","15","23"
"43377","3","7","10"
"42512","4","4","8"
"42905","0","4","4"
"49750","5","12","17"
"51055","7","30","37"
"46173","4","3","7"
"54935","10","10","20"
"44877","3","5","8"
"46563","0","1","1"
"52259","11","14","25"
"50556","0","1","1"
"43063","0","1","1"
"52850","4","5","9"
"45595","15","0","15"
"50524","8","30","38"
"49048","12","30","42"
"53736","6","9","15"
"44686","18","24","42"
"47978","4","1","5"
"55728","7","17","24"
"46427","2","5","7"
"52942","2","0","2"
"46412","4","1","5"
"54767","5","0","5"
"42969","0","5","5"
"45629","2","3","5"
"49808","0","1","1"
"51820","16","18","34"
"52757","264","134","398"
"50990","0","1","1"
"46724","4","5","9"
"52681","10","11","21"
"55701","2","5","7"
"45224","0","4","4"
"49177","10","0","10"
"53167","8","7","15"
"53357","2","2","4"
"48236","12","33","45"
"51670","2","2","4"
"54919","8","5","13"
"52710","3","8","11"
"54061","64","82","146"
"45079","12","15","27"
"51035","10","36","46"
"43147","11","33","44"
"44675","12","0","12"
"50193","0","5","5"
"55772","10","10","20"
"45417","0","1","1"
"54856","2","0","2"
"44468","5","7","12"
"46503","5","5","10"
"50871","11","20","31"
"48427","4","9","13"
"49837","52","22","74"
"50110","4","5","9"
"46287","5","12","17"
"42098","5","10","15"
"52458","4","6","10"
"48346","52","54","106"
"43788","9","9","18"
"48063","0","8","8"
"49791","2","4","6"
"51172","15","21","36"
"53922","5","5","10"
"55507","0","2","2"
"44294","10","12","22"
"49315","5","7","12"
"48863","2","7","9"
"49470","0","23","23"
"50916","4","29","33"
"54700","18","18","36"
"54880","5","12","17"
"46211","9","12","21"
"48434","10","10","20"
"43893","1","1","2"
"44079","3","3","6"
"54979","2","1","3"
"45749","10","20","30"
"46395","2","10","12"
"43062","0","6","6"
"43974","4","8","12"
"46032","0","2","2"
"50245","1","3","4"
"46306","6","11","17"
"44960","5","8","13"
"45256","10","29","39"
"49243","4","6","10"
"52869","17","29","46"
"55705","14","35","49"
"53500","0","8","8"
"53034","3","4","7"
"55711","2","8","10"
"45269","2","1","3"
"44258","3","7","10"
"47966","4","8","12"
"43042","5","0","5"
"50375","3","8","11"
"51546","4","0","4"
"55781","15","10","25"
"46594","10","0","10"
"55148","150","75","225"
"48491","23","55","78"
"44522","3","2","5"
"46756","10","14","24"
"46597","6","10","16"
"50663","1","1","2"
"45748","46","42","88"
"47091","2","0","2"
"48045","3","0","3"
"45534","1","0","1"
"51688","2","4","6"
"54900","1","1","2"
"44637","10","15","25"
"50079","12","28","40"
"51334","4","2","6"
"55393","0","12","12"
"52737","3","7","10"
"44511","5","4","9"
"45503","0","1","1"
"52061","0","10","10"
"55769","0","17","17"
"43787","30","20","50"
"50741","11","7","18"
"50909","6","28","34"
"51988","2","3","5"
"46008","15","22","37"
"48082","16","5","21"
"49075","15","22","37"
"43426","0","14","14"
"51129","0","5","5"
"54167","2","0","2"
"45873","2","2","4"
"47472","0","3","3"
"44621","7","8","15"
"51776","15","24","39"
"55793","10","18","28"
"50269","0","10","10"
"54903","3","1","4"
"47622","7","16","23"
"43598","2","6","8"
"50618","1","1","2"
"45357","4","10","14"
"44782","1","1","2"
"51920","35","108","143"
"55592","1","0","1"
"44230","0","24","24"
"49461","7","13","20"
"49327","0","5","5"
"51492","2","4","6"
"51207","136","250","386"
"46456","1","2","3"
"50082","14","29","43"
"48155","0","4","4"
"42956","2","3","5"
"49002","0","10","10"
"45421","1","9","10"
"50368","2","4","6"
"43440","6","27","33"
"44266","11","22","33"
"43249","1","4","5"
"49024","0","6","6"
"49540","2","0","2"
"46613","44","28","72"
"52468","4","16","20"
"55187","5","20","25"
"43748","14","17","31"
"50117","10","2","12"
"50508","2","3","5"
"51107","5","0","5"
"54280","6","20","26"
"45729","15","27","42"
"45962","4","0","4"
"46675","20","44","64"
"50986","2","0","2"
"55371","4","2","6"
"49332","10","10","20"
"42410","5","6","11"
"44307","15","22","37"
"45311","4","1","5"
"48640","5","10","15"
"54475","4","4","8"
"46314","26","10","36"
"48571","6","3","9"
"52253","6","1","7"
"44142","12","13","25"
"55064","2","4","6"
"46966","0","2","2"
"55005","374","232","606"
"45564","4","8","12"
"54827","5","9","14"
"51127","10","25","35"
"52377","30","32","62"
"53199","1","0","1"
"54977","3","5","8"
"54492","5","5","10"
"42122","1","2","3"
"47987","0","2","2"
"52546","1","15","16"
"45019","2","7","9"
"45553","2","5","7"
"51924","0","5","5"
"44749","0","1","1"
"53360","40","48","88"
"47008","0","1","1"
"48258","1","20","21"
"55342","2","3","5"
"45630","25","10","35"
"50136","0","1","1"
"54085","4","8","12"
"45315","4","33","37"
"46545","12","7","19"
"51786","1","1","2"
"48740","3","1","4"
"54744","0","30","30"
"44491","8","8","16"
"45988","5","8","13"
"42893","4","11","15"
"44851","20","22","42"
"45240","14","23","37"
"52254","3","5","8"
"48891","15","10","25"
"51012","5","10","15"
"51116","2","0","2"
"42648","3","0","3"
"49691","6","10","16"
"51378","4","8","12"
"50743","6","5","11"
"46538","5","12","17"
"53863","2","3","5"
"55450","6","7","13"
"55226","12","2","14"
"45697","237","150","387"
"55829","6","14","20"
"44252","2","6","8"
"54122","4","12","16"
"49483","15","161","176"
"45989","7","15","22"
"42146","2","0","2"
"42959","0","7","7"
"44378","2","3","5"
"47819","32","30","62"
"53146","3","9","12"
"46568","2","10","12"
"52717","10","4","14"
"47930","10","16","26"
"50133","3324","1258","4582"
"49528","1","1","2"
"53276","10","15","25"
"55759","10","15","25"
"47364","0","5","5"
"50762","0","2","2"
"47830","5","5","10"
"50402","280","63","343"
"44456","3","7","10"
"52004","10","48","58"
"50454","4","10","14"
"51108","8","8","16"
"44603","10","15","25"
"54111","6","3","9"
"49861","1","3","4"
"42658","8","1","9"
"47537","23","64","87"
"48630","15","75","90"
"44462","10","11","21"
"46990","1","2","3"
"55921","469","435","904"
"49705","2","2","4"
"53940","6","12","18"
"52228","4","6","10"
"52115","2","0","2"
"47197","60","72","132"
"55627","10","24","34"
"55420","0","1","1"
"44876","0","4","4"
"45934","20","15","35"
"44681","6","18","24"
"55003","11","9","20"
"50940","13","8","21"
"53047","4","0","4"
"42321","2","77","79"
"42703","5","5","10"
"44295","4","0","4"
"48300","1","1","2"
"52113","10","7","17"
"54504","6","6","12"
"52033","26","74","100"
"48480","20","20","40"
"49212","7","6","13"
"53691","0","5","5"
"46332","1","4","5"
"50243","12","20","32"
"51167","104","92","196"
"46690","14","18","32"
"46698","2","2","4"
"50700","55","36","91"
"43968","4","12","16"
"44602","22","66","88"
"46808","2","0","2"
"46835","2","0","2"
"51793","34","37","71"
"55387","90","150","240"
"49593","5","20","25"
"47374","4","24","28"
"46638","1","0","1"
"46766","2","4","6"
"47145","18","17","35"
"43620","3","8","11"
"47992","5","8","13"
"49216","12","30","42"
"49803","19","8","27"
"55401","0","4","4"
"45455","25","17","42"
"50875","3","4","7"
"55564","5","12","17"
"48622","17","13","30"
"44980","5","0","5"
"42301","15","20","35"
"55345","8","7","15"
"43917","0","5","5"
"49251","100","87","187"
"51432","6","4","10"
"47727","0","2","2"
"48326","0","1","1"
"54067","8","7","15"
"48171","11","12","23"
"52452","0","9","9"
"53842","4","12","16"
"45944","13","21","34"
"48443","5","5","10"
"50607","15","35","50"
"54394","0","3","3"
"51657","20","16","36"
"55576","1","0","1"
"53321","1","1","2"
"53249","6","12","18"
"55596","5","8","13"
"44116","25","25","50"
"54697","8","8","16"
"51702","2","4","6"
"43396","2","6","8"
"50235","9","9","18"
"54853","0","3","3"
"47236","0","1","1"
"48421","4","2","6"
"51014","4","6","10"
"46590","8","25","33"
"54692","44","38","82"
"55539","2","5","7"
"48591","0","25","25"
"45509","4","0","4"
"51673","8","20","28"
"52226","9","113","122"
"53225","1","1","2"
"52940","23","51","74"
"49543","6","6","12"
"48052","6","4","10"
"46992","0","3","3"
"42329","2","3","5"
"53097","4","12","16"
"42616","0","3","3"
"49337","248","138","386"
"46329","1","11","12"
"50527","0","11","11"
"52632","50","70","120"
"43803","55","40","95"
"47079","","","1"
"53336","214","82","296"
"55552","10","8","18"
"47172","4","8","12"
"51008","28","88","116"
"55597","10","23","33"
"53658","13","13","26"
"51217","4","16","20"
"48175","259","300","559"
"42481","5","5","10"
"51892","","","73"
"50314","30","2","32"
"42196","8","17","25"
"46750","18","41","59"
"51148","3","0","3"
"53741","5","10","15"
"54658","2","18","20"
"42906","1","0","1"
"43627","8","12","20"
"46480","10","30","40"
"45003","49","47","96"
"49095","15","33","48"
"49196","4","2","6"
"43661","4","2","6"
"50712","6","17","23"
"46955","4","3","7"
"50975","11","31","42"
"42169","1","1","2"
"44810","5","18","23"
"42837","1","16","17"
"48838","12","19","31"
"45103","1","2","3"
"48286","0","33","33"
"42287","1","0","1"
"42933","14","8","22"
"45293","13","18","31"
"53116","4","1","5"
"53723","2","3","5"
"48509","0","7","7"
"51059","9","12","21"
"49650","6","25","31"
"46972","3","0","3"
"45160","2","2","4"
"44917","6","3","9"
"47247","6","10","16"
"55743","265","133","398"
"54162","0","9","9"
"51893","12","12","24"
"52367","0","1","1"
"45488","10","20","30"
"53287","12","25","37"
"48531","0","1","1"
"43258","3","7","10"
"51471","2","1","3"
"55452","10","23","33"
"52629","20","0","20"
"53577","4","12","16"
"55799","6","6","12"
"52613","4","1","5"
"46704","8","12","20"
"55390","137","86","223"
"52085","20","45","65"
"44901","1","4","5"
"55878","6","15","21"
"44207","7","7","14"
"51685","11","63","74"
"51521","3","5","8"
"44193","2","3","5"
"43365","2","5","7"
"51475","0","1","1"
"55551","12","10","22"
"51629","0","6","6"
"49514","2","6","8"
"55194","4","3","7"
"45284","2","7","9"
"51213","0","18","18"
"52290","0","3","3"
"55033","2","1","3"
"55448","5","12","17"
"53959","5","0","5"
"43521","5","7","12"
"46064","11","10","21"
"47343","3","0","3"
"42253","12","10","22"
"53069","6","5","11"
"54984","40","50","90"
"42423","4","2","6"
"45672","0","1","1"
"50831","5","9","14"
"44865","84","130","214"
"46517","10","1","11"
"54950","1","4","5"
"49943","12","42","54"
"54284","7","5","12"
"45569","4","7","11"
"55493","2","4","6"
"47736","148","45","193"
"55248","16","14","30"
"49429","6","19","25"
"51149","3","4","7"
"51725","2","2","4"
"49449","0","10","10"
"50168","2","6","8"
"44396","7","4","11"
"44399","10","0","10"
"44560","20","37","57"
"52758","6","12","18"
"43482","36","6","42"
"54605","20","15","35"
"48299","1","5","6"
"42488","40","16","56"
"55885","2","0","2"
"54446","2","3","5"
"47691","2","0","2"
"47765","5","8","13"
"51928","0","10","10"
"53201","5","8","13"
"47325","4","8","12"
"51572","6","7","13"
"49188","141","126","267"
"43816","2","8","10"
"46405","2","1","3"
"42834","36","28","64"
"51832","2","3","5"
"47803","5","12","17"
"42745","4","1","5"
"47652","5","10","15"
"55631","2","0","2"
"48103","5","20","25"
"54773","1","1","2"
"50251","3","1","4"
"47156","3","1","4"
"49567","4","17","21"
"50522","20","12","32"
"55421","6","7","13"
"42809","3","0","3"
"53173","6","7","13"
"50783","8","14","22"
"53377","7","19","26"
"49986","10","11","21"
"51795","6","15","21"
"47941","15","36","51"
"49385","2","4","6"
"53397","7","21","28"
"53506","2","4","6"
"47633","2","0","2"
"49842","4","4","8"
"47816","10","30","40"
"55700","20","75","95"
"43621","0","2","2"
"45880","36","36","72"
"46361","2","4","6"
"47921","6","24","30"
"52243","16","54","70"
"51021","1","1","2"
"47643","14","11","25"
"54540","4","4","8"
"51272","5","9","14"
"47883","6","6","12"
"44607","0","1","1"
"45110","13","6","19"
"48340","3","0","3"
"49646","1","2","3"
"44438","1","2","3"
"55858","19","30","49"
"44373","30","29","59"
"46017","10","9","19"
"48414","2","6","8"
"54905","12","22","34"
"47986","3","10","13"
"51249","15","63","78"
"43619","4","17","21"
"46576","7","1","8"
"48963","6","6","12"
"45362","7","8","15"
"50588","3","2","5"
"44790","2","2","4"
"46214","2","0","2"
"51333","146","98","244"
"44000","3","1","4"
"51169","96","146","242"
"55644","139","128","267"
"44717","14","10","24"
"50137","6","12","18"
"47500","8","0","8"
"47653","11","9","20"
"51074","3","1","4"
"53002","4","8","12"
"47568","0","14","14"
"49064","7","15","22"
"45237","0","3","3"
"53472","13","12","25"
"53526","7","3","10"
"46589","4","3","7"
"43025","2","0","2"
"48930","20","20","40"
"48725","2","1","3"
"52297","16","37","53"
"50047","0","7","7"
"53950","2","4","6"
"46686","1","3","4"
"45030","10","24","34"
"51555","1","0","1"
"47425","2","0","2"
"51605","0","24","24"
"45732","185","40","225"
"54988","2","1","3"
"50769","3","6","9"
"44282","2","1","3"
"54016","5","6","11"
"55528","11","9","20"
"51911","58","30","88"
"46232","40","15","55"
"43757","2","2","4"
"42506","6","9","15"
"47848","2","4","6"
"45930","10","20","30"
"45642","11","42","53"
"55433","0","3","3"
"50196","2","7","9"
"54696","6","7","13"
"48837","32","44","76"
"47263","4","27","31"
"43256","3","8","11"
"55019","7","10","17"
"54665","0","2","2"
"44729","0","12","12"
"45148","12","12","24"
"49247","19","21","40"
"44833","10","35","45"
"51215","2","3","5"
"46578","4","3","7"
"55606","52","69","121"
"44591","18","0","18"
"50109","0","5","5"
"46929","4","9","13"
"50835","1","3","4"
"52350","4","4","8"
"48335","2","0","2"
"45412","3","4","7"
"52175","1","3","4"
"45309","4","8","12"
"55070","21","6","27"
"53970","6","0","6"
"46518","6","4","10"
"47106","2","2","4"
"53010","6","8","14"
"48989","18","16","34"
"50049","28","16","44"
"50914","6","16","22"
"54637","51","4","55"
"44262","12","23","35"
"48064","8","2","10"
"49888","10","10","20"
"51743","2","5","7"
"51400","11","1","12"
"50043","6","0","6"
"55207","53","20","73"
"44814","0","1","1"
"52697","4","0","4"
"46810","7","23","30"
"54734","5","10","15"
"51298","4","4","8"
"53879","1","8","9"
"45624","2","2","4"
"54716","11","44","55"
"46679","8","8","16"
"52181","12","0","12"
"45250","2","0","2"
"42352","7","8","15"
"43166","5","11","16"
"55865","250","356","606"
"44788","1","4","5"
"55071","380","320","700"
"45189","4","15","19"
"50595","0","5","5"
"52324","2","2","4"
"49878","12","34","46"
"48834","0","2","2"
"46703","15","35","50"
"48556","2","3","5"
"54520","7","0","7"
"48524","18","35","53"
"54355","2","4","6"
"54135","6","14","20"
"52082","2","2","4"
"51916","6","15","21"
"46732","1","1","2"
"47806","10","41","51"
"54799","3","6","9"
"45444","0","2","2"
"52101","6","17","23"
"47651","10","9","19"
"43826","4","8","12"
"44423","2","6","8"
"47726","2","1","3"
"54060","28","88","116"
"48900","15","10","25"
"54811","1","5","6"
"44345","3","2","5"
"45443","","","16"
"47146","3","0","3"
"47670","4","35","39"
"53435","8","4","12"
"47259","5","20","25"
"48844","10","28","38"
"50465","9","5","14"
"48285","3","3","6"
"55204","2","7","9"
"42897","0","1","1"
"48974","12","10","22"
"50057","2","6","8"
"54859","39","22","61"
"46639","4","7","11"
"52299","1","0","1"
"52661","48","61","109"
"52020","10","5","15"
"51993","80","63","143"
"45159","2","2","4"
"45908","0","3","3"
"54208","13","25","38"
"51259","10","12","22"
"47574","4","11","15"
"43658","0","10","10"
"42874","3","0","3"
"46163","5","13","18"
"43759","17","50","67"
"49245","72","13","85"
"49220","15","20","35"
"51339","2","0","2"
"53660","200","72","272"
"47340","30","10","40"
"43896","6","10","16"
"55377","36","28","64"
"44921","7","9","16"
"49324","0","26","26"
"52005","3","10","13"
"55662","2","6","8"
"46781","2","0","2"
"54901","2","5","7"
"48992","155","229","384"
"52513","1","5","6"
"50698","10","25","35"
"50358","2","9","11"
"52567","3","6","9"
"53367","8","0","8"
"51878","24","4","28"
"51732","2","6","8"
"54141","0","6","6"
"45810","4","0","4"
"49310","6","9","15"
"50825","79","24","103"
"51538","0","1","1"
"52533","1","1","2"
"46423","4","10","14"
"49466","0","4","4"
"51308","4","4","8"
"53241","7","12","19"
"55763","6","19","25"
"53987","1","1","2"
"55504","0","10","10"
"50572","3","7","10"
"44639","1","0","1"
"49044","5","8","13"
"53686","4","2","6"
"44320","6","24","30"
"53812","5","5","10"
"50724","0","2","2"
"54889","36","30","66"
"55598","265","77","342"
"47295","11","8","19"
"50635","72","72","144"
"55593","14","18","32"
"45395","10","12","22"
"49927","1","0","1"
"44634","3","5","8"
"50227","7","8","15"
"44093","2","5","7"
"42855","2","15","17"
"47341","9","8","17"
"42741","3","7","10"
"47831","10","10","20"
"53344","5","7","12"
"52459","10","0","10"
"47700","1","5","6"
"48002","5","10","15"
"49497","2","6","8"
"54432","8","10","18"
"47040","2","5","7"
"47521","1","2","3"
"55501","0","28","28"
"52071","7","9","16"
"52157","2","2","4"
"43925","0","1","1"
"53504","21","15","36"
"45560","20","88","108"
"47752","3","3","6"
"53464","23","21","44"
"48401","2","5","7"
"47158","3","17","20"
"44516","4","10","14"
"53049","22","77","99"
"49579","26","22","48"
"44251","0","1","1"
"48469","2","2","4"
"55411","11","13","24"
"46348","0","1","1"
"46709","60","32","92"
"45015","3","0","3"
"49053","5","20","25"
"46688","3","3","6"
"52153","24","33","57"
"52182","10","11","21"
"43921","10","5","15"
"55870","161","145","306"
"50948","16","12","28"
"50540","8","15","23"
"48823","7","9","16"
"54400","11","15","26"
"43487","4","7","11"
"53452","34","55","89"
"55183","2","0","2"
"55852","6","19","25"
"42521","6","20","26"
"49976","13","20","33"
"55699","15","20","35"
"46822","3","2","5"
"48697","40","28","68"
"50746","4","6","10"
"44573","2","1","3"
"47217","1","3","4"
"47950","10","10","20"
"53726","22","48","70"
"54652","3","7","10"
"52824","0","18","18"
"55340","0","15","15"
"44135","2","3","5"
"47812","17","28","45"
"50485","5","9","14"
"55757","14","10","24"
"47798","2","3","5"
"52611","21","38","59"
"44630","16","22","38"
"54294","1","3","4"
"53444","7","14","21"
"46663","2","1","3"
"54412","5","5","10"
"42277","4","3","7"
"46829","3","7","10"
"48058","1","0","1"
"54855","5","3","8"
"43781","10","32","42"
"46882","1","3","4"
"48356","3","2","5"
"45533","4","6","10"
"54630","4","4","8"
"52341","25","30","55"
"53393","45","73","118"
"48013","2","8","10"
"52331","39","35","74"
"50943","4","0","4"
"43594","3","3","6"
"52454","6","1","7"
"51365","8","12","20"
"44503","0","2","2"
"45619","7","13","20"
"54107","0","5","5"
"54807","146","50","196"
"49985","4","1","5"
"46580","1","1","2"
"44547","9","7","16"
"48038","4","7","11"
"49558","2","2","4"
"50407","2","4","6"
"53153","7","18","25"
"54385","6","6","12"
"51824","0","4","4"
"55713","30","9","39"
"49833","0","5","5"
"52322","40","35","75"
"46885","3","19","22"
"50143","0","6","6"
"44829","14","11","25"
"48858","74","235","309"
"45313","2","3","5"
"45314","10","10","20"
"45890","2","3","5"
"42177","0","8","8"
"54079","12","10","22"
"44209","6","14","20"
"55580","180","99","279"
"51177","25","25","50"
"55171","10","6","16"
"53735","4","2","6"
"45557","2","8","10"
"47218","2","4","6"
"49111","4","18","22"
"49576","3","3","6"
"46267","2","2","4"
"49637","5","8","13"
"55476","5","10","15"
"46452","5","2","7"
"55082","100","100","200"
"50529","0","1","1"
"53682","6","12","18"
"49047","6","42","48"
"44850","12","8","20"
"46758","12","12","24"
"45935","1","0","1"
"47133","0","4","4"
"54023","3","5","8"
"53258","10","6","16"
"43155","2","3","5"
"48802","5","5","10"
"48098","2","0","2"
"49445","2","4","6"
"54616","2","1","3"
"48519","4","6","10"
"52975","5","8","13"
"54315","0","2","2"
"44902","2","3","5"
"50905","4","9","13"
"54460","7","8","15"
"51018","14","2","16"
"50244","10","18","28"
"51811","7","4","11"
"53418","2","3","5"
"52564","5","11","16"
"55255","1","0","1"
"48349","0","3","3"
"53337","0","3","3"
"55137","1","3","4"
"55417","6","4","10"
"47006","4","0","4"
"48441","4","1","5"
"51401","8","8","16"
"48541","5","0","5"
"51594","4","6","10"
"49886","4","2","6"
"46789","3","5","8"
"47801","2","2","4"
"53502","7","20","27"
"50400","6","11","17"
"45875","1","1","2"
"49097","28","68","96"
"49887","2","2","4"
"52712","21","18","39"
"48612","21","26","47"
"51137","0","2","2"
"51275","10","149","159"
"55025","8","11","19"
"44056","5","2","7"
"49729","0","1","1"
"55277","5","0","5"
"43339","1","1","2"
"55439","1","2","3"
"55324","2","0","2"
"42134","6","1","7"
"42857","5","6","11"
"49077","4","5","9"
"53426","2","6","8"
"50844","10","22","32"
"54070","8","14","22"
"44965","5","10","15"
"50907","2","4","6"
"42691","8","8","16"
"44546","21","19","40"
"51254","3","6","9"
"42358","8","12","20"
"54201","0","5","5"
"49526","17","15","32"
"55274","8","16","24"
"50151","13","6","19"
"50261","20","57","77"
"47834","3","5","8"
"53856","7","16","23"
"46684","3","1","4"
"48874","1","0","1"
"54763","12","13","25"
"52658","8","3","11"
"50704","2","13","15"
"55871","8","10","18"
"55440","2","5","7"
"46388","15","20","35"
"48797","60","32","92"
"55875","","","87"
"44035","6","11","17"
"51379","29","0","29"
"52408","18","12","30"
"53272","69","25","94"
"45668","2","3","5"
"45203","70","34","104"
"54970","1","4","5"
"48420","5","6","11"
"49173","1","3","4"
"54012","10","17","27"
"43907","4","0","4"
"45885","2","4","6"
"53094","116","242","358"
"52729","10","18","28"
"53743","6","4","10"
"54139","2","2","4"
"53147","0","4","4"
"55820","0","1","1"
"45185","4","0","4"
"53833","11","16","27"
"53809","2","2","4"
"54723","1","6","7"
"49751","10","17","27"
"54672","0","10","10"
"44939","9","30","39"
"43089","6","12","18"
"51175","24","47","71"
"43973","4","8","12"
"49141","4","8","12"
"42975","44","20","64"
"46132","3","5","8"
"46435","6","1","7"
"43838","2","3","5"
"45319","4","8","12"
"48696","5","9","14"
"46195","34","65","99"
"45590","10","3","13"
"45384","1","4","5"
"44381","4","8","12"
"45041","25","47","72"
"50102","0","1","1"
"51037","5","5","10"
"51853","5","14","19"
"54840","0","4","4"
"50936","31","10","41"
"52593","7","23","30"
"44666","1","0","1"
"46075","7","4","11"
"45756","5","16","21"
"43813","1","4","5"
"43693","2","5","7"
"48794","2","2","4"
"52294","7","9","16"
"42768","0","18","18"
"46602","1","3","4"
"47899","2","4","6"
"55244","2","2","4"
"46421","3","3","6"
"42282","3","4","7"
"50343","9","16","25"
"53992","1","1","2"
"46011","0","1","1"
"55301","2","2","4"
"48829","5","1","6"
"52485","32","15","47"
"47569","5","7","12"
"48233","75","0","75"
"47772","0","2","2"
"46410","5","5","10"
"45184","2","0","2"
"46466","24","27","51"
"53289","9","14","23"
"45826","20","0","20"
"43354","3","1","4"
"43555","5","15","20"
"45784","1","1","2"
"46174","2","1","3"
"47530","117","133","250"
"53989","1","1","2"
"50219","1","9","10"
"42164","4","0","4"
"44111","5","4","9"
"42158","0","2","2"
"49204","0","4","4"
"44068","5","10","15"
"45790","36","15","51"
"48428","2","4","6"
"48313","7","7","14"
"49170","20","20","40"
"49879","0","8","8"
"42828","0","10","10"
"45932","9","12","21"
"53110","6","8","14"
"52371","36","25","61"
"47791","4","14","18"
"48476","50","110","160"
"45788","1","7","8"
"44772","4","8","12"
"43536","5","11","16"
"55916","3","2","5"
"52515","2","4","6"
"55103","1","0","1"
"46614","0","1","1"
"55904","7","5","12"
"48244","10","12","22"
"47865","25","50","75"
"47505","9","12","21"
"46988","0","3","3"
"50631","32","31","63"
"55844","5","10","15"
"53477","1","6","7"
"44485","10","17","27"
"47484","2","1","3"
"48587","10","10","20"
"48910","2","2","4"
"51102","3","0","3"
"53626","2","0","2"
"49091","2","6","8"
"54327","4","14","18"
"42723","6","8","14"
"45772","3","8","11"
"42212","5","37","42"
"54706","2","2","4"
"48841","7","5","12"
"49214","20","25","45"
"55472","154","129","283"
"55783","4","4","8"
"49128","0","1","1"
"54915","157","53","210"
"42580","14","12","26"
"49929","4","4","8"
"49062","5","18","23"
"45288","0","1","1"
"46274","36","38","74"
"47750","2","2","4"
"49390","8","4","12"
"42202","198","88","286"
"52340","6","4","10"
"50896","3","5","8"
"50132","8","2","10"
"45543","18","12","30"
"52184","0","12","12"
"48538","2","5","7"
"49565","10","20","30"
"55862","2","4","6"
"55616","0","16","16"
"52041","3","3","6"
"48698","10","30","40"
"43250","1","1","2"
"50567","1","1","2"
"52858","","","93"
"43855","420","65","485"
"46934","2","6","8"
"46167","0","1","1"
"51831","99","55","154"
"53432","3","5","8"
"42463","8","5","13"
"47754","0","2","2"
"49987","0","7","7"
"54626","4","8","12"
"48966","1","4","5"
"51097","20","20","40"
"44341","2","4","6"
"47148","4","10","14"
"46777","18","11","29"
"55287","3","8","11"
"52565","64","40","104"
"55436","16","11","27"
"49831","96","73","169"
"51775","2","0","2"
"50246","5","5","10"
"42783","1","1","2"
"53542","5","9","14"
"52932","3","6","9"
"51755","1","0","1"
"54781","10","11","21"
"49520","53","0","53"
"55843","0","9","9"
"52826","10","12","22"
"42757","7","24","31"
"49410","7","7","14"
"53358","3","8","11"
"47764","16","16","32"
"49786","23","67","90"
"54387","2","5","7"
"54997","8","10","18"
"50528","8","8","16"
"47744","5","12","17"
"52589","10","10","20"
"53972","2","2","4"
"48534","20","2","22"
"46936","10","38","48"
"50668","0","1","1"
"52531","826","509","1335"
"49432","65","67","132"
"50212","150","100","250"
"44026","6","7","13"
"55143","38","31","69"
"49566","6","4","10"
"48185","9","26","35"
"49083","4","7","11"
"44617","50","100","150"
"54574","15","21","36"
"49301","4","6","10"
"50282","149","82","231"
"55727","4","16","20"
"50181","1","0","1"
"55068","15","7","22"
"42372","15","11","26"
"50937","14","36","50"
"53075","1","5","6"
"55363","12","10","22"
"51085","4","10","14"
"43674","2","6","8"
"51805","5","3","8"
"54188","5","10","15"
"43138","6","18","24"
"47571","2","3","5"
"45854","25","16","41"
"48269","115","170","285"
"52555","5","12","17"
"49079","14","14","28"
"53627","4","8","12"
"55739","3","2","5"
"52898","56","84","140"
"53508","7","24","31"
"44377","2","1","3"
"44554","2","4","6"
"47895","0","3","3"
"45740","10","6","16"
"48084","2","0","2"
"43510","10","12","22"
"53417","0","12","12"
"50854","2","3","5"
"45056","10","18","28"
"44463","20","22","42"
"54688","6","19","25"
"51840","17","37","54"
"46315","1","2","3"
"47052","0","4","4"
"52618","8","7","15"
"48703","5","10","15"
"50422","7","11","18"
"46042","1","1","2"
"48157","40","40","80"
"51925","40","60","100"
"49621","1","2","3"
"45382","48","83","131"
"45762","1","2","3"
"54512","2","8","10"
"46767","0","14","14"
"46923","2","2","4"
"48118","2","3","5"
"45632","9","16","25"
"55514","1","5","6"
"49505","4","7","11"
"52212","6","14","20"
"45620","0","3","3"
"46377","6","24","30"
"47837","0","2","2"
"50078","10","8","18"
"48731","5","5","10"
"52295","2","3","5"
"45460","0","1221","1221"
"54568","0","1","1"
"55930","6","10","16"
"55591","4","32","36"
"42534","6","14","20"
"48647","6","28","34"
"47604","12","0","12"
"47756","4","10","14"
"55037","1","5","6"
"45998","10","32","42"
"55338","10","25","35"
"50923","7","9","16"
"42625","1","2","3"
"43631","0","10","10"
"53229","39","33","72"
"51838","2","7","9"
"49217","8","16","24"
"52654","366","107","473"
"52084","5","15","20"
"43488","23","62","85"
"43532","1","10","11"
"53035","3","4","7"
"53277","5","15","20"
"53821","1","0","1"
"54929","13","36","49"
"50750","4","6","10"
"50673","10","15","25"
"50604","0","1","1"
"51161","4","7","11"
"42692","4","4","8"
"52827","12","29","41"
"44183","14","14","28"
"51414","10","7","17"
"52631","3","9","12"
"55395","80","125","205"
"53103","11","0","11"
"42753","2","0","2"
"44302","7","19","26"
"42721","3","6","9"
"46549","4","12","16"
"47686","1","0","1"
"51810","7","25","32"
"53000","1","1","2"
"54611","6","9","15"
"50897","24","103","127"
"50393","2","3","5"
"55538","13","3","16"
"53699","4","3","7"
"47642","40","18","58"
"51915","2","1","3"
"47762","32","35","67"
"49768","10","10","20"
"50840","2","1","3"
"54228","5","0","5"
"47586","25","43","68"
"50279","2","11","13"
"53300","42","33","75"
"43804","5","2","7"
"46084","5","3","8"
"52376","0","5","5"
"46700","2","1","3"
"47439","297","612","909"
"47917","19","12","31"
"44986","114","205","319"
"50265","6","6","12"
"52885","1","1","2"
"54719","3","5","8"
"53296","25","55","80"
"47404","0","2","2"
"48801","5","10","15"
"52635","72","40","112"
"49819","15","22","37"
"49045","2","3","5"
"42280","0","2","2"
"46828","12","19","31"
"42618","0","12","12"
"55590","5","8","13"
"51643","2","0","2"
"49775","0","8","8"
"53045","2","5","7"
"55619","2","7","9"
"53143","3","12","15"
"42725","2","4","6"
"44214","8","8","16"
"43093","2","7","9"
"49617","5","10","15"
"43303","1","0","1"
"43554","8","15","23"
"45324","0","1","1"
"48270","5","22","27"
"49122","375","150","525"
"53701","35","88","123"
"49494","10","10","20"
"47082","4","5","9"
"48993","3","1","4"
"44337","0","8","8"
"52961","2","2","4"
"55583","2","0","2"
"45375","1","6","7"
"48227","4","0","4"
"52386","18","30","48"
"50679","0","2","2"
"52246","48","37","85"
"54948","2","2","4"
"53459","2","9","11"
"47372","4","7","11"
"55581","3","3","6"
"45106","4","9","13"
"45087","23","0","23"
"55185","5","14","19"
"42341","6","7","13"
"51751","0","3","3"
"53044","1","1","2"
"55300","4","6","10"
"52595","16","27","43"
"47847","1","11","12"
"44043","0","2","2"
"45387","2","0","2"
"42214","22","27","49"
"46824","1","0","1"
"54515","8","20","28"
"53861","5","15","20"
"47043","5","7","12"
"52345","22","48","70"
"45547","4","15","19"
"50991","3","6","9"
"53664","12","37","49"
"45893","3","5","8"
"50153","1109","162","1271"
"54043","8","8","16"
"55467","2","5","7"
"51112","7","10","17"
"49614","4","7","11"
"45234","6","40","46"
"52385","9","6","15"
"51482","46","44","90"
"53136","6","20","26"
"50978","2","2","4"
"50883","0","1","1"
"50533","1","1","2"
"53080","3","0","3"
"44616","5","12","17"
"45990","70","64","134"
"46189","3","16","19"
"48036","21","15","36"
"46184","28","8","36"
"52506","156","88","244"
"47237","2","2","4"
"47971","36","34","70"
"54994","3","5","8"
"52306","5","6","11"
"43140","7","19","26"
"45845","2","5","7"
"52165","5","0","5"
"55246","0","15","15"
"43707","2","10","12"
"48496","5","2","7"
"55585","0","9","9"
"53963","0","1","1"
"46849","1","7","8"
"47875","0","12","12"
"46243","72","48","120"
"45598","2","7","9"
"46872","12","32","44"
"49739","2","2","4"
"47114","15","7","22"
"53616","1","1","2"
"55582","15","14","29"
"45589","10","10","20"
"46779","7","5","12"
"49623","1","1","2"
"45494","34","17","51"
"54871","7","16","23"
"49210","4","2","6"
"52056","11","9","20"
"45718","10","0","10"
"52240","30","15","45"
"46120","9","16","25"
"46649","215","175","390"
"46215","5","10","15"
"47467","0","1","1"
"53001","25","71","96"
"54946","1","2","3"
"44238","4","6","10"
"42786","0","1","1"
"54722","8","28","36"
"47249","4","12","16"
"53306","9","8","17"
"55478","1100","323","1423"
"48128","10","10","20"
"49312","0","1","1"
"50276","238","35","273"
"43104","0","1","1"
"53268","69","94","163"
"52118","5","15","20"
"55915","0","9","9"
"45247","1","8","9"
"48499","0","8","8"
"50105","24","16","40"
"50881","0","1","1"
"53369","1","2","3"
"43830","8","13","21"
"42291","5","2","7"
"46247","6","10","16"
"54243","3","10","13"
"51613","31","68","99"
"53125","12","9","21"
"52423","24","58","82"
"53476","10","5","15"
"50164","100","160","260"
"42394","1","3","4"
"51467","1","6","7"
"43970","3","6","9"
"45054","24","26","50"
"55542","32","26","58"
"55272","0","2","2"
"55918","1","1","2"
"54792","177","374","551"
"53174","1","4","5"
"50599","40","32","72"
"44779","8","21","29"
"52329","3","3","6"
"51007","6","19","25"
"52521","1","9","10"
"54548","4","4","8"
"42814","0","5","5"
"53854","10","20","30"
"46256","0","2","2"
"53862","8","8","16"
"44797","1","2","3"
"49311","25","20","45"
"48741","11","11","22"
"45427","8","0","8"
"50920","2","2","4"
"42887","37","46","83"
"46217","0","3","3"
"51394","5","10","15"
"54569","5","5","10"
"55579","","","42"
"53371","9","8","17"
"48721","183","69","252"
"44822","4","12","16"
"42188","10","10","20"
"44469","0","3","3"
"48015","5","10","15"
"45633","2","4","6"
"53207","214","69","283"
"54106","0","1","1"
"53762","12","15","27"
"52216","54","34","88"
"42454","1","0","1"
"54218","1","0","1"
"52679","12","10","22"
"55555","3","7","10"
"47869","0","9","9"
"49501","20","12","32"
"55521","7","8","15"
"45857","1","1","2"
"46855","3","1","4"
"46864","3","5","8"
"52330","79","21","100"
"53612","36","26","62"
"54741","7","24","31"
"46769","2","5","7"
"47769","0","3","3"
"42800","16","18","34"
"44937","32","23","55"
"45513","0","1","1"
"44323","11","21","32"
"44649","","","45"
"52133","1","0","1"
"46664","0","2","2"
"52261","4","9","13"
"50561","40","32","72"
"52726","7","9","16"
"52923","2","0","2"
"43461","6","8","14"
"53593","2","4","6"
"55689","3","4","7"
"43435","8","7","15"
"53552","2","2","4"
"55397","8","7","15"
"48266","0","60","60"
"45286","6","6","12"
"52778","10","12","22"
"55419","1","1","2"
"54832","2","9","11"
"44278","3","1","4"
"49389","14","12","26"
"43196","1","2","3"
"52195","2","0","2"
"49836","4","9","13"
"46001","0","21","21"
"49834","0","4","4"
"49870","3","10","13"
"43871","11","16","27"
"44809","1","2","3"
"51528","14","16","30"
"51645","10","15","25"
"47665","4","10","14"
"46738","2","4","6"
"47809","15","176","191"
"51242","15","24","39"
"49946","4","8","12"
"50994","2","9","11"
"52427","236","98","334"
"42972","4","2","6"
"50097","20","0","20"
"55905","15","20","35"
"48350","6","12","18"
"42490","1","1","2"
"51741","0","9","9"
"43735","3","1","4"
"45119","1","5","6"
"49582","5","17","22"
"46718","52","6","58"
"44927","5","5","10"
"44736","1","0","1"
"50071","36","48","84"
"48172","9","4","13"
"45901","0","8","8"
"50410","2","4","6"
"50913","0","8","8"
"55536","1","13","14"
"43969","15","28","43"
"47890","5","6","11"
"53068","36","32","68"
"54945","2","14","16"
"55425","14","21","35"
"54211","21","20","41"
"45258","4","8","12"
"49396","1","2","3"
"52388","6","24","30"
"42791","2","5","7"
"44049","3","6","9"
"54884","6","4","10"
"49032","2","4","6"
"51022","8","12","20"
"43234","3","1","4"
"50600","12","24","36"
"53486","0","3","3"
"51780","4","4","8"
"42819","14","28","42"
"44376","5","5","10"
"50630","15","36","51"
"51822","2","0","2"
"53764","4","4","8"
"55361","10","4","14"
"50477","0","6","6"
"42889","2","1","3"
"55212","1","2","3"
"51931","2","1","3"
"43220","5","7","12"
"52483","10","15","25"
"45151","10","21","31"
"45485","12","9","21"
"48770","36","48","84"
"49969","12","0","12"
"55626","10","4","14"
"47558","0","1","1"
"44856","8","14","22"
"48031","460","262","722"
"49110","24","36","60"
"48866","0","1","1"
"46139","25","80","105"
"50629","110","140","250"
"44816","0","8","8"
"49050","48","36","84"
"51809","3","10","13"
"50205","4","6","10"
"48952","5","1","6"
"45720","0","8","8"
"44949","10","15","25"
"54125","8","7","15"
"44963","4","0","4"
"51790","5","0","5"
"52604","41","15","56"
"54771","0","5","5"
"46880","11","4","15"
"48374","1","1","2"
"51919","45","18","63"
"49211","6","0","6"
"51747","2","11","13"
"53138","2","10","12"
"46998","10","10","20"
"44669","45","41","86"
"48706","9","20","29"
"45045","4","6","10"
"45910","0","10","10"
"46014","7","6","13"
"55859","8","6","14"
"45600","0","3","3"
"55890","4","4","8"
"53359","15","10","25"
"55828","165","74","239"
"51235","16","4","20"
"52262","0","17","17"
"48727","5","4","9"
"50678","0","1","1"
"52360","20","24","44"
"48569","2","4","6"
"53870","2","10","12"
"47508","1","1","2"
"52563","0","10","10"
"53141","10","4","14"
"45923","0","2","2"
"43356","2","0","2"
"49341","2","3","5"
"43114","0","6","6"
"47426","14","8","22"
"52560","60","12","72"
"43792","4","18","22"
"46294","11","8","19"
"49275","0","18","18"
"43368","8","7","15"
"44348","2","0","2"
"45939","96","15","111"
"44414","4","13","17"
"42393","1","2","3"
"43183","12","24","36"
"47995","0","6","6"
"55077","36","24","60"
"53727","29","59","88"
"55382","18","10","28"
"45242","27","27","54"
"52069","2","1","3"
"47516","2","0","2"
"42194","6","12","18"
"51424","8","10","18"
"46166","1","2","3"
"46561","1","0","1"
"47352","4","0","4"
"49190","7","10","17"
"52633","5","90","95"
"43423","4","16","20"
"46158","6","6","12"
"51857","8","7","15"
"54795","1","1","2"
"46438","6","10","16"
"48377","7","14","21"
"42133","3","5","8"
"43370","6","7","13"
"50494","12","16","28"
"49078","70","80","150"
"53705","162","160","322"
"47722","1","1","2"
"52947","3","9","12"
"42241","30","55","85"
"54301","21","8","29"
"55497","0","6","6"
"42958","15","9","24"
"45225","0","1","1"
"50250","3","7","10"
"52151","1","1","2"
"44631","5","8","13"
"55074","10","30","40"
"48602","92","55","147"
"49499","8","22","30"
"50234","3","5","8"
"46103","1","2","3"
"55687","2","0","2"
"52304","54","46","100"
"47501","8","14","22"
"47617","1","2","3"
"52276","8","9","17"
"54119","81","81","162"
"54241","2","2","4"
"55081","5","10","15"
"42250","1","2","3"
"52351","1","3","4"
"45352","7","6","13"
"54987","2","1","3"
"42487","1","1","2"
"43149","5","5","10"
"47507","2","0","2"
"53965","75","50","125"
"48912","1","2","3"
"43106","2","0","2"
"46313","53","79","132"
"55912","0","16","16"
"50637","2","0","2"
"44596","0","3","3"
"42441","0","2","2"
"45678","2","0","2"
"46244","2","7","9"
"51388","16","24","40"
"47456","1","0","1"
"42266","3","4","7"
"43244","9","16","25"
"43159","3","5","8"
"43990","4","5","9"
"52759","7","12","19"
"55368","48","49","97"
"52664","54","44","98"
"47282","8","6","14"
"52998","0","12","12"
"42614","4","1","5"
"50849","2","4","6"
"53540","2","0","2"
"55604","3","2","5"
"44873","5","15","20"
"50770","51","234","285"
"44538","6","1","7"
"49193","5","10","15"
"45122","68","35","103"
"46540","6","4","10"
"50425","0","1","1"
"52316","0","8","8"
"54815","1","2","3"
"48689","3","5","8"
"48452","1","1","2"
"50549","3","3","6"
"49779","0","6","6"
"51243","11","7","18"
"48578","5","10","15"
"52791","11","11","22"
"48223","3","4","7"
"50644","4","5","9"
"54403","5","7","12"
"43294","39","19","58"
"46454","19","23","42"
"50705","5","5","10"
"55840","1","2","3"
"45227","6","11","17"
"50350","29","23","52"
"45061","0","5","5"
"49117","20","5","25"
"55725","2","0","2"
"43201","2","0","2"
"51818","5","10","15"
"52538","0","3","3"
"43391","5","2","7"
"53911","2","21","23"
"48267","2","3","5"
"49789","2","2","4"
"43263","8","13","21"
"53465","10","22","32"
"48516","5","3","8"
"52451","10","28","38"
"55914","6","0","6"
"45446","0","12","12"
"47735","30","28","58"
"48581","0","10","10"
"46137","6","4","10"
"50462","0","18","18"
"46667","2","2","4"
"50083","10","19","29"
"51153","44","108","152"
"43144","1","2","3"
"43522","15","24","39"
"44170","1","1","2"
"42243","4","8","12"
"50961","10","10","20"
"52550","2","0","2"
"46584","26","16","42"
"50885","1","7","8"
"54663","0","16","16"
"53852","13","13","26"
"48430","2","5","7"
"43074","10","13","23"
"55052","2","0","2"
"50662","8","6","14"
"54971","0","6","6"
"52431","10","2","12"
"55920","75","120","195"
"51030","5","5","10"
"55655","9","18","27"
"47169","3","1","4"
"42471","0","3","3"
"45132","0","7","7"
"47390","0","12","12"
"48521","5","8","13"
"44070","0","5","5"
"55044","74","46","120"
"53431","16","8","24"
"42537","8","16","24"
"49981","5","2","7"
"47717","0","2","2"
"46645","6","12","18"
"54234","6","18","24"
"55659","0","10","10"
"46071","2","2","4"
"55259","4","10","14"
"43097","5","14","19"
"46873","2","8","10"
"49400","0","4","4"
"55889","3","8","11"
"43846","2","2","4"
"47891","4","1","5"
"53038","5","12","17"
"43655","0","4","4"
"54159","0","4","4"
"51621","2","15","17"
"43494","4","5","9"
"50560","8","13","21"
"43098","2","3","5"
"45121","0","2","2"
"55445","6","11","17"
"42847","3","14","17"
"47713","7","8","15"
"50944","4","0","4"
"53252","6","1","7"
"50945","4","15","19"
"48917","5","14","19"
"54602","13","1","14"
"42101","1","0","1"
"47855","13","15","28"
"43929","0","1","1"
"48723","6","22","28"
"55156","6","4","10"
"44134","0","1","1"
"53524","2","1","3"
"51017","5","15","20"
"42404","0","2","2"
"44156","1","5","6"
"46472","12","20","32"
"47097","10","32","42"
"48091","2","9","11"
"48666","1","4","5"
"48071","6","10","16"
"52285","8","9","17"
"54062","2","10","12"
"49884","6","5","11"
"42675","3","3","6"
"46426","18","6","24"
"53890","3","2","5"
"54156","96","80","176"
"43982","25","25","50"
"42100","0","3","3"
"50267","0","2","2"
"45472","0","3","3"
"53568","259","21","280"
"54875","11","11","22"
"47177","1","4","5"
"49431","10","15","25"
"50431","4","32","36"
"48139","3","11","14"
"54865","7","7","14"
"48400","10","53","63"
"44590","1","10","11"
"44633","2","12","14"
"50878","41","25","66"
"46390","3","0","3"
"52776","4","0","4"
"55175","182","160","342"
"45681","2","2","4"
"50571","5","6","11"
"47724","0","2","2"
"47206","0","6","6"
"52767","8","22","30"
"54097","2","4","6"
"42633","13","8","21"
"47085","102","54","156"
"47099","12","21","33"
"47455","0","3","3"
"48193","0","3","3"
"52774","5","8","13"
"55833","5","6","11"
"43112","0","6","6"
"44277","12","12","24"
"48024","1","1","2"
"49852","0","5","5"
"50753","6","7","13"
"45717","1","1","2"
"47957","123","64","187"
"51283","4","8","12"
"52991","7","13","20"
"53457","149","136","285"
"47502","28","11","39"
"49331","0","4","4"
"49696","6","10","16"
"49016","10","10","20"
"45268","8","12","20"
"46437","2","3","5"
"44793","0","1","1"
"54698","0","10","10"
"47795","2","4","6"
"42594","1","0","1"
"44606","16","16","32"
"54576","2","1","3"
"45807","1","0","1"
"50701","1","2","3"
"53396","5","10","15"
"44651","5","14","19"
"46641","2","6","8"
"50858","29","42","71"
"46323","3","7","10"
"50385","1","6","7"
"46776","4","6","10"
"44310","2","4","6"
"49187","0","2","2"
"50121","6","5","11"
"53390","7","14","21"
"54862","2","6","8"
"42257","4","2","6"
"42868","8","6","14"
"49960","22","96","118"
"49488","80","70","150"
"42380","10","16","26"
"51139","0","3","3"
"47222","6","8","14"
"47441","4","8","12"
"53975","12","9","21"
"43839","0","4","4"
"43388","1","4","5"
"44501","21","50","71"
"44683","7","0","7"
"46187","0","12","12"
"46317","6","6","12"
"49233","1","0","1"
"46414","8","0","8"
"50606","2","8","10"
"53996","0","12","12"
"47353","16","13","29"
"48194","7","11","18"
"53008","14","12","26"
"55115","0","15","15"
"50201","1","2","3"
"46953","55","25","80"
"42295","4","7","11"
"45000","0","1","1"
"43774","0","6","6"
"55866","348","154","502"
"44707","4","20","24"
"46462","16","25","41"
"46063","2","4","6"
"45196","4","4","8"
"47939","6","14","20"
"54366","2","26","28"
"42209","0","2","2"
"51850","20","15","35"
"46299","5","10","15"
"55150","13","35","48"
"55258","0","2","2"
"46859","6","1","7"
"50284","0","1","1"
"43987","1","1","2"
"53635","5","6","11"
"46491","3","1","4"
"54442","5","5","10"
"42996","0","4","4"
"50493","0","4","4"
"50273","2","1","3"
"46070","11","27","38"
"52876","167","206","373"
"50752","13","7","20"
"44394","9","48","57"
"49869","14","20","34"
"53282","8","9","17"
"53231","2","4","6"
"43992","1","1","2"
"48691","54","49","103"
"44369","6","9","15"
"55263","8","8","16"
"43268","4","3","7"
"53776","2","4","6"
"53670","633","160","793"
"43548","12","18","30"
"52823","6","7","13"
"49316","6","3","9"
"49865","1","1","2"
"49631","2","4","6"
"46018","114","113","227"
"45407","0","2","2"
"43070","10","32","42"
"54685","2","2","4"
"45474","2","0","2"
"49268","22","15","37"
"53962","6","7","13"
"49402","70","45","115"
"50134","8","17","25"
"45909","11","9","20"
"46183","5","23","28"
"52358","2","2","4"
"47037","10","11","21"
"53115","4","6","10"
"47396","1","1","2"
"49602","3","7","10"
"49741","30","22","52"
"43715","2","6","8"
"52252","5","13","18"
"53882","5","25","30"
"48831","5","19","24"
"54656","1","1","2"
"55502","15","31","46"
"48982","15","10","25"
"49067","24","24","48"
"47073","10","14","24"
"47348","1","1","2"
"53310","6","10","16"
"53844","6","5","11"
"51576","2","0","2"
"52987","14","34","48"
"45895","20","38","58"
"55122","12","12","24"
"45368","14","12","26"
"52646","5","16","21"
"42285","7","10","17"
"43289","5","10","15"
"45394","7","8","15"
"44223","149","238","387"
"42180","1","1","2"
"50162","35","87","122"
"50973","1","1","2"
"44932","6","9","15"
"47481","173","94","267"
"48004","5","10","15"
"49963","1","1","2"
"46061","4","12","16"
"49605","1","4","5"
"52110","15","12","27"
"55624","48","269","317"
"51347","26","20","46"
"55913","6","8","14"
"45207","0","7","7"
"49503","4","1","5"
"53942","13","9","22"
"55768","12","23","35"
"45098","8","31","39"
"52301","2","0","2"
"43324","5","1","6"
"55159","375","433","808"
"48137","31","48","79"
"49962","1","0","1"
"42265","11","28","39"
"43636","16","26","42"
"48685","44","43","87"
"45946","4","1","5"
"44556","7","0","7"
"49010","3","0","3"
"50531","1","0","1"
"53098","1","3","4"
"44872","2","4","6"
"55819","68","38","106"
"45506","5","8","13"
"53389","12","11","23"
"55286","12","9","21"
"50283","2","12","14"
"49622","5","0","5"
"52132","13","6","19"
"49013","10","30","40"
"53518","3","3","6"
"44643","36","17","53"
"51356","7","13","20"
"43642","8","16","24"
"50042","3","9","12"
"45077","3","4","7"
"47264","5","15","20"
"48671","6","16","22"
"48066","5","0","5"
"43568","1","1","2"
"55505","6","0","6"
"52023","4","5","9"
"55571","6","3","9"
"51349","12","27","39"
"52706","16","14","30"
"45018","20","14","34"
"45401","6","7","13"
"47672","98","55","153"
"52098","0","1","1"
"55688","3","0","3"
"43905","1","8","9"
"45290","2","0","2"
"52848","4","3","7"
"48079","5","5","10"
"54427","1","2","3"
"55264","10","2","12"
"45249","10","10","20"
"43841","25","15","40"
"43096","2","5","7"
"50946","2","4","6"
"45462","2","4","6"
"53105","12","13","25"
"52289","7","25","32"
"54246","16","12","28"
"46786","2","6","8"
"47400","6","26","32"
"52387","3","4","7"
"47468","0","1","1"
"49859","2","2","4"
"47421","4","8","12"
"47480","0","2","2"
"52944","7","25","32"
"45911","4","6","10"
"54878","0","7","7"
"44660","5","0","5"
"54633","2","16","18"
"42462","35","30","65"
"46565","0","2","2"
"54485","10","12","22"
"51479","26","55","81"
"50996","0","3","3"
"53330","2","3","5"
"44009","7","7","14"
"51232","10","25","35"
"55254","5","0","5"
"42174","5","15","20"
"44537","6","10","16"
"49201","45","34","79"
"53811","0","4","4"
"44045","4","3","7"
"45436","50","150","200"
"54281","5","12","17"
"50569","4","12","16"
"50714","0","3","3"
"48845","7","7","14"
"51863","8","44","52"
"52238","0","4","4"
"51284","4","8","12"
"51589","1","1","2"
"46181","9","36","45"
"47667","8","7","15"
"52364","2","8","10"
"52914","6","8","14"
"48406","9","8","17"
"50142","10","20","30"
"45892","2","2","4"
"55848","20","14","34"
"49025","9","14","23"
"53439","5","5","10"
"52016","9","11","20"
"45662","2","1","3"
"45612","8","6","14"
"45572","2","6","8"
"43012","0","2","2"
"48781","0","1","1"
"52628","15","40","55"
"53951","12","7","19"
"49858","1","1","2"
"47934","0","1","1"
"55291","4","3","7"
"48418","","","4"
"54926","10","5","15"
"43381","4","4","8"
"43728","24","21","45"
"46932","4","1","5"
"51004","10","9","19"
"44987","8","7","15"
"43031","1","0","1"
"44888","321","27","348"
"42579","9","8","17"
"43310","2","1","3"
"49490","1","11","12"
"53909","3","0","3"
"43567","35","28","63"
"54336","13","6","19"
"46153","6","0","6"
"43847","14","22","36"
"51181","1","1","2"
"51316","2","3","5"
"54415","10","11","21"
"54769","293","173","466"
"46113","5","70","75"
"43663","0","1","1"
"45020","4","6","10"
"51067","0","4","4"
"43649","15","15","30"
"54303","6","5","11"
"53639","6","0","6"
"49424","0","1","1"
"53401","2","4","6"
"42778","12","12","24"
"44314","3","7","10"
"47821","0","4","4"
"46116","8","12","20"
"47720","6","8","14"
"53897","1","1","2"
"53943","10","15","25"
"42760","3","13","16"
"45754","2","5","7"
"53582","10","4","14"
"51750","11","13","24"
"44494","2","18","20"
"45833","2","4","6"
"46126","2","4","6"
"50248","1","2","3"
"53107","0","5","5"
"54689","0","6","6"
"43085","3","10","13"
"51193","4","3","7"
"45174","3","11","14"
"48359","4","7","11"
"44993","4","5","9"
"47585","91","31","122"
"52490","4","18","22"
"43859","1","2","3"
"47945","10","3","13"
"43375","8","8","16"
"46979","10","20","30"
"47536","0","1","1"
"48709","3","2","5"
"52874","10","5","15"
"44313","4","0","4"
"45034","112","40","152"
"42256","13","44","57"
"51095","0","9","9"
"43993","35","50","85"
"47621","24","66","90"
"44757","1","7","8"
"42590","5","27","32"
"54863","2","1","3"
"45298","10","20","30"
"54928","6","6","12"
"52883","4","16","20"
"55447","3","3","6"
"43142","5","13","18"
"43709","2","0","2"
"51403","9","5","14"
"49043","4","2","6"
"52740","4","2","6"
"42928","18","37","55"
"51384","71","82","153"
"43603","0","1","1"
"49868","25","54","79"
"51422","1","1","2"
"42569","1","1","2"
"47194","6","10","16"
"43754","8","1","9"
"51592","0","1","1"
"55838","8","16","24"
"45568","0","1","1"
"54086","0","4","4"
"44654","2","44","46"
"44703","3","0","3"
"46409","4","6","10"
"50597","1","1","2"
"42148","5","19","24"
"46234","4","6","10"
"48217","7","10","17"
"47122","15","14","29"
"53150","1","0","1"
"53265","5","3","8"
"55481","0","2","2"
"46327","0","2","2"
"42784","3","5","8"
"43533","5","8","13"
"47511","0","4","4"
"51164","18","52","70"
"53148","4","4","8"
"55107","3","2","5"
"43528","3","7","10"
"47550","0","5","5"
"46627","12","32","44"
"43670","13","23","36"
"52140","4","10","14"
"46067","18","11","29"
"48947","3","5","8"
"51964","0","1","1"
"54352","10","41","51"
"43666","1","2","3"
"51223","2","2","4"
"53180","4","3","7"
"42939","0","4","4"
"43701","1","2","3"
"55021","6","5","11"
"43672","7","10","17"
"44557","13","12","25"
"43999","3","6","9"
"47996","8","14","22"
"48826","5","3","8"
"43832","1","1","2"
"45904","15","22","37"
"46619","7","17","24"
"49721","35","26","61"
"50323","10","8","18"
"53571","3","7","10"
"43920","11","32","43"
"43332","7","7","14"
"44867","6","5","11"
"43191","4","11","15"
"46967","0","1","1"
"43180","20","29","49"
"53902","12","18","30"
"46045","2","2","4"
"48787","9","2","11"
"46297","40","17","57"
"52744","5","15","20"
"46805","2","6","8"
"51578","0","1","1"
"52326","9","15","24"
"42249","0","3","3"
"42743","3","3","6"
"52786","1","11","12"
"49028","5","63","68"
"47312","0","25","25"
"53830","3","7","10"
"44832","5","9","14"
"51637","4","8","12"
"45763","7","21","28"
"52207","5","10","15"
"46694","6","19","25"
"42689","6","1","7"
"53448","4","0","4"
"47046","2","3","5"
"42606","6","5","11"
"43516","6","12","18"
"44078","2","9","11"
"44332","9","14","23"
"46962","36","105","141"
"49345","5","4","9"
"52974","6","4","10"
"48949","0","1","1"
"48433","3","3","6"
"42925","4","7","11"
"44418","1","0","1"
"45679","10","25","35"
"44169","2","5","7"
"43988","3","1","4"
"50925","12","10","22"
"51961","15","21","36"
"52439","4","4","8"
"43255","2","8","10"
"44969","0","7","7"
"46465","12","37","49"
"46940","70","65","135"
"48597","1","1","2"
"47620","19","40","59"
"44164","1","0","1"
"45012","0","3","3"
"54207","7","15","22"
"46471","0","3","3"
"49394","2","5","7"
"55813","0","1","1"
"42263","2","15","17"
"46869","2","1","3"
"45304","4","3","7"
"44235","22","28","50"
"49270","4","1","5"
"54402","5","6","11"
"46677","4","16","20"
"49599","15","11","26"
"47392","1","4","5"
"55558","4","16","20"
"55640","8","3","11"
"48093","33","6","39"
"55929","6","6","12"
"48189","3","4","7"
"43933","0","1","1"
"51261","11","18","29"
"50293","0","5","5"
"54110","2","2","4"
"42140","5","0","5"
"50330","7","30","37"
"42317","1","1","2"
"46482","22","56","78"
"42812","4","4","8"
"43512","5","10","15"
"45197","1","1","2"
"46708","1","9","10"
"50384","15","15","30"
"55319","20","8","28"
"43727","8","25","33"
"55523","4","8","12"
"52296","3","14","17"
"43056","12","19","31"
"49333","6","12","18"
"51395","39","159","198"
"43717","0","6","6"
"49955","6","20","26"
"49314","3","3","6"
"48417","0","2","2"
"52488","55","15","70"
"47640","14","4","18"
"52199","3","2","5"
"43902","0","3","3"
"49538","6","17","23"
"50719","20","10","30"
"53072","8","3","11"
"48438","23","11","34"
"45714","27","9","36"
"53335","8","9","17"
"55760","2","5","7"
"45617","6","10","16"
"51337","5","12","17"
"43890","34","60","94"
"51307","12","4","16"
"50832","1","1","2"
"45127","4","6","10"
"49381","92","60","152"
"49811","28","93","121"
"43545","28","87","115"
"46177","10","0","10"
"48351","2","5","7"
"49670","7","6","13"
"53370","13","13","26"
"52822","5","10","15"
"51937","","","11"
"42084","2","2","4"
"45416","9","18","27"
"46052","0","1","1"
"42605","1","0","1"
"53261","2","4","6"
"49509","24","68","92"
"53058","0","11","11"
"55104","33","56","89"
"54869","2","3","5"
"48253","20","32","52"
"45931","23","65","88"
"48636","1","1","2"
"55167","8","6","14"
"44379","6","7","13"
"43276","2","2","4"
"48646","12","18","30"
"47171","8","15","23"
"45238","28","20","48"
"50742","0","1","1"
"42552","3","2","5"
"47075","6","17","23"
"45814","2","4","6"
"51075","0","15","15"
"53609","7","18","25"
"51053","245","134","379"
"55293","1","5","6"
"50954","2","6","8"
"55090","0","1","1"
"46068","4","0","4"
"47415","6","10","16"
"50608","0","1","1"
"45530","1","20","21"
"45846","0","6","6"
"54323","6","18","24"
"49822","5","10","15"
"44835","4","30","34"
"50187","5","10","15"
"53590","2","0","2"
"54368","32","32","64"
"55800","10","23","33"
"47328","1","0","1"
"44551","24","5","29"
"51627","16","8","24"
"51889","0","10","10"
"54797","3","8","11"
"44507","2","8","10"
"54584","2","2","4"
"46746","6","8","14"
"54322","5","24","29"
"49997","2","8","10"
"44358","11","12","23"
"48553","0","1","1"
"54594","50","50","100"
"45233","0","5","5"
"46529","0","2","2"
"48403","2","4","6"
"52919","50","150","200"
"50209","0","1","1"
"42381","1","1","2"
"43937","1","2","3"
"53934","25","10","35"
"48390","29","24","53"
"55791","7","8","15"
"52641","604","238","842"
"49828","16","0","16"
"53181","3","5","8"
"53488","1","2","3"
"55902","10","5","15"
"50580","1","1","2"
"52622","6","8","14"
"46386","5","0","5"
"51806","50","24","74"
"46577","14","21","35"
"48861","4","8","12"
"52703","36","44","80"
"54064","5","7","12"
"43591","2","4","6"
"43884","16","19","35"
"45111","0","20","20"
"49140","5","6","11"
"46772","3","8","11"
"51999","2","1","3"
"55166","3","2","5"
"55770","0","3","3"
"44471","3","11","14"
"46210","9","16","25"
"47904","0","10","10"
"48812","47","36","83"
"49776","1","3","4"
"53327","6","0","6"
"42426","7","28","35"
"47244","10","17","27"
"50351","35","123","158"
"50619","30","16","46"
"43756","20","25","45"
"47846","11","0","11"
"48981","5","13","18"
"49656","310","190","500"
"42535","9","5","14"
"45493","1","7","8"
"46743","20","19","39"
"48864","4","10","14"
"51327","6","5","11"
"48601","0","16","16"
"52669","12","9","21"
"55629","10","10","20"
"47757","27","28","55"
"49931","18","9","27"
"44272","1","1","2"
"54861","2","3","5"
"55092","8","2","10"
"45139","10","25","35"
"54824","0","15","15"
"49121","4","4","8"
"53901","4","8","12"
"48202","8","10","18"
"51280","2","7","9"
"52884","2","3","5"
"53256","25","15","40"
"54809","2","0","2"
"48648","3","0","3"
"46360","120","220","340"
"42564","5","11","16"
"43448","6","12","18"
"48877","34","20","54"
"50611","0","6","6"
"55109","","","1237"
"53451","2","1","3"
"45919","1","3","4"
"44904","6","8","14"
"55311","7","12","19"
"45750","4","29","33"
"44678","5","9","14"
"46637","20","20","40"
"47108","0","8","8"
"54503","0","1","1"
"46422","5","5","10"
"50829","6","13","19"
"46827","22","16","38"
"49938","0","6","6"
"50627","2","4","6"
"49877","1","1","2"
"51698","5","5","10"
"54634","0","12","12"
"50321","0","2","2"
"54026","6","6","12"
"54519","1","4","5"
"42656","5","4","9"
"50767","4","5","9"
"51946","92","106","198"
"55160","45","44","89"
"46336","2","4","6"
"48508","7","12","19"
"46344","0","2","2"
"55236","10","15","25"
"53825","20","20","40"
"47515","3","1","4"
"47575","8","8","16"
"43703","4","5","9"
"44467","8","7","15"
"54176","3","12","15"
"43129","1","0","1"
"53850","10","10","20"
"55556","6","16","22"
"43362","68","61","129"
"46398","6","10","16"
"45347","3","8","11"
"49223","0","3","3"
"49901","0","1","1"
"49936","20","12","32"
"52393","40","70","110"
"51077","8","6","14"
"45465","0","24","24"
"50113","5","8","13"
"45448","20","25","45"
"46145","6","1","7"
"55544","172","72","244"
"47187","7","4","11"
"53522","5","12","17"
"45524","1","0","1"
"48563","0","5","5"
"43892","4","0","4"
"44114","16","10","26"
"55190","1","0","1"
"47150","5","16","21"
"47627","0","2","2"
"48661","4","16","20"
"44534","4","2","6"
"46006","0","3","3"
"52931","0","12","12"
"54707","5","6","11"
"55036","7","16","23"
"46257","4","4","8"
"55901","0","1","1"
"47964","0","4","4"
"48413","30","51","81"
"44296","2","4","6"
"44773","0","5","5"
"48463","15","54","69"
"43976","0","1","1"
"50183","3","0","3"
"44196","4","7","11"
"44947","6","7","13"
"52544","0","8","8"
"47178","2","12","14"
"54839","1","8","9"
"46648","0","3","3"
"45273","36","33","69"
"49880","28","20","48"
"46793","4","0","4"
"46670","8","15","23"
"52495","4","1","5"
"54113","4","1","5"
"45980","3","4","7"
"47648","0","1","1"
"53971","3","12","15"
"44767","0","1","1"
"44858","3","5","8"
"46696","10","27","37"
"49714","1","16","17"
"45535","0","10","10"
"48472","0","4","4"
"49535","8","6","14"
"47088","1","1","2"
"52014","75","60","135"
"50848","9","14","23"
"47473","2","0","2"
"53123","5","4","9"
"45936","14","27","41"
"52802","17","17","34"
"44849","4","0","4"
"53260","9","20","29"
"47072","0","2","2"
"48579","297","612","909"
"45038","0","1","1"
"55140","5","9","14"
"52221","4","3","7"
"54632","0","6","6"
"45603","10","18","28"
"48120","0","15","15"
"49035","0","2","2"
"53704","19","17","36"
"54069","3","13","16"
"55545","5","19","24"
"42581","12","12","24"
"48537","27","44","71"
"49600","0","2","2"
"55807","1133","156","1289"
"48693","2","12","14"
"48312","0","5","5"
"53015","5","15","20"
"46848","83","61","144"
"52146","4","8","12"
"43130","12","22","34"
"50182","1","1","2"
"44555","5","8","13"
"55308","3","2","5"
"42443","0","1","1"
"54829","3","2","5"
"43175","1","2","3"
"51318","3","1","4"
"54913","52","35","87"
"45685","2","5","7"
"55867","0","2","2"
"45337","5","9","14"
"42351","0","10","10"
"48360","1","2","3"
"55518","5","7","12"
"44476","10","7","17"
"51728","11","15","26"
"44194","2","4","6"
"50552","25","45","70"
"52404","2","2","4"
"50702","0","1","1"
"51663","54","126","180"
"54037","1","0","1"
"49753","36","168","204"
"44362","7","6","13"
"44475","0","4","4"
"45905","1","5","6"
"48799","2","10","12"
"46188","16","9","25"
"55116","30","42","72"
"46633","8","43","51"
"44585","5","25","30"
"44796","23","14","37"
"47307","5","12","17"
"48482","0","8","8"
"52419","10","8","18"
"52127","4","5","9"
"43529","10","15","25"
"47680","3","2","5"
"52770","5","0","5"
"54964","4","4","8"
"50988","30","62","92"
"49704","6","10","16"
"50721","1","2","3"
"51843","2","1","3"
"46019","0","1","1"
"46220","11","23","34"
"49686","5","8","13"
"50643","4","5","9"
"45279","40","20","60"
"55880","6","15","21"
"46397","8","7","15"
"52873","2","6","8"
"48291","2","0","2"
"52193","0","12","12"
"46500","4","7","11"
"50985","478","324","802"
"44211","0","1","1"
"51966","68","47","115"
"51651","10","10","20"
"52691","20","22","42"
"54011","3","0","3"
"55329","1","1","2"
"55587","5","6","11"
"55778","7","35","42"
"45760","0","4","4"
"42367","1","1","2"
"46012","0","32","32"
"47096","0","1","1"
"51595","22","16","38"
"43450","0","4","4"
"47402","17","13","30"
"44817","0","1","1"
"47004","4","12","16"
"54510","18","40","58"
"42729","48","57","105"
"52588","2","2","4"
"50807","11","1","12"
"52194","5","4","9"
"55887","3","7","10"
"42769","36","115","151"
"49038","9","8","17"
"49802","4","7","11"
"50586","1","0","1"
"54057","25","35","60"
"50145","1","9","10"
"50340","2","0","2"
"47020","2","2","4"
"49730","","","20"
"50090","5","8","13"
"55369","96","211","307"
"55784","28","48","76"
"52597","10","24","34"
"44989","12","24","36"
"50432","8","9","17"
"54333","0","10","10"
"44411","2","2","4"
"52456","2","1","3"
"44504","1","1","2"
"47157","3","0","3"
"53046","19","16","35"
"48214","12","24","36"
"49334","10","32","42"
"51042","4","0","4"
"48515","2","0","2"
"50513","5","9","14"
"44254","20","54","74"
"48501","0","1","1"
"51602","6","12","18"
"48409","5","5","10"
"49949","20","30","50"
"44598","0","5","5"
"45459","3","3","6"
"45861","6","6","12"
"46685","18","39","57"
"55389","2","2","4"
"47459","","","12"
"53555","5","8","13"
"54819","105","45","150"
"44275","11","8","19"
"52576","8","15","23"
"55569","2","6","8"
"53198","3","3","6"
"50765","2","5","7"
"51375","6","2","8"
"51526","5","8","13"
"44910","41","133","174"
"47483","1","0","1"
"50718","36","28","64"
"47278","4","7","11"
"53625","10","28","38"
"48983","40","72","112"
"45366","20","5","25"
"45867","10","12","22"
"54015","21","58","79"
"47012","2","5","7"
"50277","15","12","27"
"50782","69","198","267"
"53546","3","1","4"
"43028","0","3","3"
"44141","0","1","1"
"45381","12","18","30"
"42598","1","3","4"
"55396","2","4","6"
"44276","5","8","13"
"47826","1","1","2"
"49374","0","2","2"
"49379","0","4","4"
"43055","4","5","9"
"54739","2","4","6"
"44509","6","82","88"
"52754","17","17","34"
"55394","2","3","5"
"46797","4","13","17"
"46735","0","5","5"
"48865","1","0","1"
"42470","12","7","19"
"51197","2","3","5"
"55217","10","5","15"
"49660","0","1","1"
"43959","6","11","17"
"42718","14","17","31"
"49289","0","6","6"
"50699","2","14","16"
"52735","3","6","9"
"54031","4","8","12"
"55010","12","8","20"
"50605","3","0","3"
"55795","3","7","10"
"44620","4","11","15"
"49924","3","5","8"
"51512","25","15","40"
"44770","4","8","12"
"44868","2","8","10"
"46875","3","3","6"
"48111","6","14","20"
"50080","3","7","10"
"48985","110","70","180"
"53730","5","8","13"
"45340","1","0","1"
"45504","2","4","6"
"52722","19","8","27"
"50760","3","3","6"
"51616","4","2","6"
"42690","3","5","8"
"46956","2","6","8"
"48554","20","17","37"
"48651","0","8","8"
"44472","9","7","16"
"48419","0","4","4"
"49084","3","3","6"
"42479","8","14","22"
"54371","1","2","3"
"47868","7","1","8"
"46823","12","4","16"
"46748","56","54","110"
"47545","32","104","136"
"50481","193","69","262"
"48953","2","0","2"
"54583","0","4","4"
"48717","0","20","20"
"53179","2","1","3"
"53088","56","87","143"
"54025","13","15","28"
"47498","1","4","5"
"50775","2","3","5"
"42914","3","5","8"
"46439","2","1","3"
"51444","6","7","13"
"55209","5","21","26"
"50338","3","12","15"
"53491","2","0","2"
"46450","5","15","20"
"42984","5","0","5"
"50834","93","38","131"
"44239","5","12","17"
"46328","10","18","28"
"50374","8","13","21"
"54130","2","2","4"
"54907","9","5","14"
"52187","12","8","20"
"49712","2","8","10"
"43493","9","12","21"
"44712","3","11","14"
"53169","8","38","46"
"51882","14","48","62"
"47935","11","11","22"
"47867","3","0","3"
"54872","5","6","11"
"44303","1","1","2"
"53079","1","0","1"
"52100","3","13","16"
"53698","4","2","6"
"44497","0","1","1"
"46371","60","21","81"
"48201","2","9","11"
"51854","4","10","14"
"50682","10","11","21"
"47682","0","1","1"
"48670","6","12","18"
"53917","48","100","148"
"48608","6","16","22"
"49703","5","0","5"
"51098","293","32","325"
"48614","5","9","14"
"55835","2","5","7"
"43577","10","35","45"
"46795","3","11","14"
"43002","30","43","73"
"51392","15","8","23"
"47382","54","170","224"
"49849","0","5","5"
"50833","2","4","6"
"55530","4","15","19"
"42544","3","10","13"
"44575","4","0","4"
"47198","5","5","10"
"48786","7","8","15"
"45454","0","1","1"
"50642","0","2","2"
"42494","9","6","15"
"53374","1","0","1"
"47741","7","1","8"
"44186","6","27","33"
"47829","0","6","6"
"47688","4","3","7"
"49355","2","2","4"
"42663","9","8","17"
"49127","10","2","12"
"50175","4","8","12"
"42376","0","10","10"
"45586","7","5","12"
"48050","0","2","2"
"55892","5","7","12"
"55894","2","0","2"
"55900","0","18","18"
"49634","10","6","16"
"53574","10","10","20"
"53267","0","1","1"
"44892","15","60","75"
"47492","1","0","1"
"47149","0","2","2"
"46235","0","4","4"
"48931","8","17","25"
"43596","0","5","5"
"50270","5","0","5"
"50333","113","104","217"
"42115","5","0","5"
"55489","1","1","2"
"48404","5","0","5"
"51147","5","5","10"
"44826","0","5","5"
"46761","4","6","10"
"48642","215","292","507"
"46495","15","10","25"
"55161","0","7","7"
"43299","3","0","3"
"43913","6","7","13"
"43962","2","7","9"
"54691","12","4","16"
"43542","10","0","10"
"52346","4","5","9"
"54523","2","3","5"
"54549","18","4","22"
"44530","2","4","6"
"50440","4","0","4"
"50342","0","2","2"
"44713","0","1","1"
"45408","2","4","6"
"55269","8","4","12"
"43941","1","0","1"
"50707","6","8","14"
"42815","4","7","11"
"46537","0","1","1"
"50471","5","0","5"
"50242","2","6","8"
"55170","120","129","249"
"44812","1","0","1"
"54836","3","16","19"
"51461","98","51","149"
"49348","8","5","13"
"54287","12","11","23"
"45812","31","19","50"
"45419","5","25","30"
"44889","1","1","2"
"52382","0","3","3"
"55121","10","19","29"
"55173","9","15","24"
"51615","45","90","135"
"48589","2","8","10"
"52475","8","0","8"
"44853","12","24","36"
"49925","6","9","15"
"50167","5","5","10"
"50086","4","0","4"
"45751","8","16","24"
"47434","1","4","5"
"42529","4","7","11"
"54541","2","0","2"
"49669","10","7","17"
"46710","1","8","9"
"51364","5","1","6"
"46858","0","1","1"
"49262","41","15","56"
"43022","3","5","8"
"43419","0","2","2"
"43569","5","22","27"
"53346","4","25","29"
"52449","17","12","29"
"54608","50","8","58"
"44996","12","5","17"
"48437","6","5","11"
"53693","50","28","78"
"53751","440","610","1050"
"42685","6","6","12"
"43910","1","5","6"
"47759","0","10","10"
"54659","4","9","13"
"48921","1","0","1"
"49911","5","5","10"
"49815","8","15","23"
"43467","63","44","107"
"52820","3","2","5"
"46486","6","0","6"
"52361","12","8","20"
"48448","5","3","8"
"50737","3","5","8"
"52581","4","8","12"
"55742","1","1","2"
"54920","1","7","8"
"43821","3","2","5"
"48138","5","5","10"
"49581","0","20","20"
"42278","6","7","13"
"46212","6","3","9"
"50911","3","5","8"
"45918","3","7","10"
"51647","6","13","19"
"45903","4","2","6"
"55577","12","8","20"
"49893","12","55","67"
"51679","17","8","25"
"51949","105","230","335"
"52178","2","2","4"
"44838","8","4","12"
"51206","11","6","17"
"44318","0","1","1"
"47991","2","4","6"
"48457","5","3","8"
"48604","38","59","97"
"44204","2","3","5"
"50001","51","2","53"
"43519","112","64","176"
"46305","8","36","44"
"43737","2","0","2"
"47659","0","2","2"
"50979","21","6","27"
"51024","","","511"
"44924","2","1","3"
"52934","5","8","13"
"43553","2","0","2"
"53284","7","18","25"
"50365","150","250","400"
"49908","15","18","33"
"54353","12","30","42"
"54317","8","15","23"
"53263","7","15","22"
"47928","4","6","10"
"44269","9","8","17"
"47311","7","8","15"
"50941","6","11","17"
"43943","7","11","18"
"45223","0","28","28"
"52530","82","80","162"
"45949","10","18","28"
"49054","81","106","187"
"45847","5","10","15"
"47349","8","20","28"
"48405","12","12","24"
"45143","10","20","30"
"52147","3","3","6"
"44755","0","5","5"
"43000","4","6","10"
"52753","0","1","1"
"52954","16","10","26"
"46877","0","4","4"
"44881","7","8","15"
"47982","8","23","31"
"42228","9","13","22"
"53537","4","12","16"
"44271","1","1","2"
"52702","176","41","217"
"45046","2","5","7"
"42643","3","3","6"
"45463","10","20","30"
"46463","4","0","4"
"54796","4","7","11"
"55268","2","6","8"
"49222","9","6","15"
"55111","6","18","24"
"55330","17","7","24"
"51884","69","116","185"
"54302","94","108","202"
"44648","4","8","12"
"46867","6","21","27"
"54343","4","14","18"
"46239","10","10","20"
"50426","29","170","199"
"45920","47","0","47"
"44496","8","12","20"
"49485","3","5","8"
"55139","2","6","8"
"42437","3","7","10"
"42944","25","88","113"
"45808","5","7","12"
"48006","6","7","13"
"53605","3","7","10"
"48526","5","8","13"
"52111","0","2","2"
"50805","10","24","34"
"45318","4","4","8"
"47129","2","6","8"
"51764","1","3","4"
"47184","15","24","39"
"48720","3","5","8"
"48885","20","1","21"
"55872","0","1","1"
"46431","3","6","9"
"46194","2","9","11"
"44105","0","3","3"
"50546","2","3","5"
"45152","8","16","24"
"45987","4","6","10"
"50171","0","5","5"
"52673","19","12","31"
"45827","5","23","28"
"44391","15","21","36"
"50032","3","5","8"
"55646","5","12","17"
"43719","3","7","10"
"43691","10","8","18"
"49246","2","0","2"
"44449","1","1","2"
"50656","4","3","7"
"53471","7","12","19"
"42665","10","9","19"
"44998","0","6","6"
"49370","0","31","31"
"49160","16","15","31"
"53101","8","14","22"
"47534","0","1","1"
"51994","0","3","3"
"48456","2","0","2"
"51274","18","37","55"
"43648","4","0","4"
"45747","0","42","42"
"55271","1014","646","1660"
"50491","4","0","4"
"52414","5","10","15"
"48772","1","1","2"
"46367","3","2","5"
"47212","2","2","4"
"47406","4","9","13"
"47553","15","8","23"
"42626","2","6","8"
"47763","4","10","14"
"50045","2","2","4"
"47514","5","14","19"
"43518","12","13","25"
"48970","4","7","11"
"44173","2","0","2"
"46501","62","108","170"
"47076","2","8","10"
"48107","7","10","17"
"52979","12","15","27"
"53619","1","1","2"
"44566","2","4","6"
"53485","92","79","171"
"44426","1","2","3"
"51450","4","8","12"
"46949","1","5","6"
"49953","22","15","37"
"54073","1","3","4"
"44177","0","4","4"
"48816","0","7","7"
"42418","2","2","4"
"44629","0","1","1"
"54169","0","5","5"
"43312","4","8","12"
"50562","8","15","23"
"47266","3","5","8"
"48897","0","2","2"
"54148","6","15","21"
"52929","3","6","9"
"42589","2","0","2"
"53362","5","5","10"
"53399","2","3","5"
"43550","10","10","20"
"43802","5","5","10"
"48790","8","16","24"
"44187","10","3","13"
"52808","25","25","50"
"42737","3","5","8"
"42714","5","8","13"
"42867","2","1","3"
"52214","2","2","4"
"50739","15","11","26"
"43656","5","12","17"
"55385","10","15","25"
"55735","105","54","159"
"51267","10","15","25"
"50206","2","2","4"
"47113","2","0","2"
"49661","20","55","75"
"55926","11","17","28"
"45991","9","21","30"
"51484","21","45","66"
"55235","14","16","30"
"45058","7","8","15"
"48835","10","50","60"
"55045","5","9","14"
"55516","573","335","908"
"45541","2","2","4"
"51812","0","1221","1221"
"48168","0","1","1"
"53981","2","4","6"
"45576","0","1","1"
"44390","0","1","1"
"54894","2","9","11"
"44138","5","5","10"
"55061","9","8","17"
"43406","7","8","15"
"43679","30","37","67"
"44933","10","8","18"
"47061","1","11","12"
"48582","1","1","2"
"53368","12","12","24"
"44346","5","0","5"
"50188","16","111","127"
"50418","2","3","5"
"42997","2","3","5"
"45927","6","7","13"
"46672","17","30","47"
"46425","8","16","24"
"50013","4","2","6"
"51001","5","17","22"
"53657","15","15","30"
"50582","0","8","8"
"54416","4","8","12"
"51072","15","30","45"
"53129","36","23","59"
"55535","2","6","8"
"49894","4","0","4"
"51123","16","16","32"
"52031","6","14","20"
"46976","1","1","2"
"45635","0","1","1"
"47373","2","2","4"
"45453","15","24","39"
"55462","6","6","12"
"44798","2","20","22"
"49585","1","0","1"
"47671","17","30","47"
"50421","10","20","30"
"52981","2","6","8"
"43978","11","11","22"
"54644","3","0","3"
"53748","12","25","37"
"51510","35","30","65"
"45486","2","2","4"
"48328","7","7","14"
"53458","1","3","4"
"43507","2","2","4"
"46138","0","1","1"
"50728","3","6","9"
"49434","9","12","21"
"55804","12","5","17"
"44433","2","8","10"
"47098","1","2","3"
"45349","15","3","18"
"55073","1","2","3"
"55267","1","1","2"
"45578","3","6","9"
"47879","2","1","3"
"55087","9","4","13"
"55379","50","50","100"
"46451","1","2","3"
"52541","2","2","4"
"53463","1","1","2"
"52045","5","10","15"
"49313","0","2","2"
"51792","73","115","188"
"50708","10","5","15"
"55354","3","2","5"
"55874","3","2","5"
"50506","3","11","14"
"54047","20","15","35"
"54083","2","20","22"
"44409","3","0","3"
"45701","0","4","4"
"47117","12","21","33"
"52036","16","11","27"
"47057","6","7","13"
"45836","5","6","11"
"48892","1","8","9"
"51016","0","4","4"
"54395","10","12","22"
"53654","1","0","1"
"43503","2","4","6"
"51868","30","20","50"
"55908","3","4","7"
"44938","0","1","1"
"43881","6","8","14"
"46205","9","27","36"
"55285","0","2","2"
"50507","5","7","12"
"44665","1","3","4"
"46276","2","12","14"
"51951","10","14","24"
"50688","2","3","5"
"54777","13","0","13"
"42930","2","2","4"
"48487","122","30","152"
"50297","3","5","8"
"54311","1","0","1"
"47125","40","60","100"
"55723","1","1","2"
"52279","16","6","22"
"42726","4","9","13"
"49425","2","3","5"
"52409","1","1","2"
"55083","4","0","4"
"55400","2","12","14"
"42705","22","20","42"
"50332","11","7","18"
"52787","3","6","9"
"55414","3","0","3"
"51202","25","40","65"
"43404","3","7","10"
"45217","2","5","7"
"49759","0","4","4"
"50521","2","1","3"
"45951","2","1","3"
"46531","0","5","5"
"42965","3","6","9"
"43266","2","4","6"
"44774","13","22","35"
"53351","2","10","12"
"55561","6","10","16"
"48282","0","16","16"
"53375","78","88","166"
"47551","4","1","5"
"54481","10","10","20"
"45917","2","7","9"
"47937","2","3","5"
"53089","0","10","10"
"42647","1","2","3"
"44319","5","3","8"
"45052","10","23","33"
"45373","6","18","24"
"43739","40","55","95"
"47954","17","20","37"
"51180","2","36","38"
"49624","110","75","185"
"52066","6","19","25"
"55600","11","24","35"
"50108","0","1","1"
"43531","0","6","6"
"46309","5","6","11"
"43769","4","11","15"
"52599","20","17","37"
"49890","19","24","43"
"47033","1","9","10"
"53651","6","6","12"
"50286","12","6","18"
"42132","36","40","76"
"49462","9","8","17"
"55753","9","18","27"
"45391","24","32","56"
"47283","10","23","33"
"49282","0","9","9"
"55532","4","10","14"
"46862","3","10","13"
"48489","0","1","1"
"50792","2","3","5"
"55570","5","5","10"
"47309","12","6","18"
"45198","18","34","52"
"53342","0","6","6"
"46154","5","10","15"
"50902","7","15","22"
"55370","10","20","30"
"42553","6","20","26"
"46062","50","30","80"
"55642","3","5","8"
"43879","3","0","3"
"44053","3","7","10"
"44791","1","0","1"
"45655","0","5","5"
"50258","5","8","13"
"45228","12","13","25"
"48810","1","6","7"
"42884","10","17","27"
"48567","11","7","18"
"42795","11","43","54"
"49694","1","2","3"
"51068","20","52","72"
"49778","1","2","3"
"50355","12","51","63"
"47454","1","2","3"
"49592","48","117","165"
"47127","4","2","6"
"47362","1","2","3"
"50254","1","2","3"
"43770","8","12","20"
"45704","8","16","24"
"51694","2","2","4"
"47230","5","10","15"
"48392","4","7","11"
"54868","250","66","316"
"46489","5","10","15"
"47881","8","9","17"
"53066","29","75","104"
"45378","6","8","14"
"47267","6","11","17"
"47205","5","36","41"
"42756","12","16","28"
"54818","1","1","2"
"54849","5","8","13"
"44604","7","16","23"
"49473","2","0","2"
"52960","4","2","6"
"54615","4","6","10"
"48080","6","16","22"
"52398","3","9","12"
"50139","2","3","5"
"55404","8","9","17"
"48176","1","0","1"
"55766","20","15","35"
"42941","15","25","40"
"46989","3","6","9"
"52073","2","10","12"
"46009","2","0","2"
"47023","20","30","50"
"48254","4","0","4"
"54837","2","10","12"
"52527","0","8","8"
"48688","15","20","35"
"44972","5","9","14"
"45563","0","1","1"
"50733","2","2","4"
"52916","6","6","12"
"47482","6","17","23"
"44698","5","10","15"
"55933","8","15","23"
"47877","112","100","212"
"48479","50","110","160"
"51435","5","5","10"
"45190","13","18","31"
"48928","5","9","14"
"46843","9","6","15"
"45095","10","15","25"
"45297","10","8","18"
"44137","2","0","2"
"48317","10","18","28"
"53650","5","20","25"
"46497","38","0","38"
"52859","1","4","5"
"53796","0","7","7"
"44412","7","14","21"
"45367","3","7","10"
"43386","6","7","13"
"48127","2","1","3"
"50774","1","2","3"
"49347","2","2","4"
"50633","1","1","2"
"55295","0","1","1"
"44940","9","14","23"
"50367","1","5","6"
"45994","3","2","5"
"50378","15","50","65"
"53395","1","2","3"
"46784","5","7","12"
"55100","11","6","17"
"49848","204","15","219"
"44719","30","25","55"
"42530","25","24","49"
"55638","37","60","97"
"49442","8","3","11"
"51703","1","2","3"
"55586","6","6","12"
"49813","13","15","28"
"44970","2","10","12"
"48752","7","41","48"
"55722","2","5","7"
"52547","0","5","5"
"52789","110","214","324"
"48724","0","1","1"
"52317","12","30","42"
"44625","6","2","8"
"52383","24","104","128"
"50570","3","9","12"
"54040","3","10","13"
"55836","12","7","19"
"50087","5","10","15"
"55152","7","7","14"
"55123","1","1","2"
"47919","27","28","55"
"53781","4","1","5"
"48061","2","3","5"
"50930","1","2","3"
"44815","2","3","5"
"55127","2","6","8"
"55508","3","4","7"
"46095","0","1","1"
"55035","0","3","3"
"52936","3","3","6"
"53237","8","4","12"
"46016","4","3","7"
"52035","12","12","24"
"47563","2","5","7"
"51171","3","15","18"
"49692","2","4","6"
"47901","2","2","4"
"49527","1","2","3"
"46124","7","1","8"
"54906","0","1","1"
"55650","20","33","53"
"47214","1","3","4"
"42772","3","5","8"
"53708","15","20","35"
"55188","2","22","24"
"50525","11","7","18"
"43904","22","10","32"
"51601","2","0","2"
"47880","4","6","10"
"52967","105","90","195"
"42907","1","1","2"
"44030","1","4","5"
"44129","1","2","3"
"45348","2","6","8"
"48821","11","20","31"
"46737","1","2","3"
"47433","4","20","24"
"53958","0","1","1"
"55032","32","4","36"
"54986","2","1","3"
"48657","2","2","4"
"43726","5","21","26"
"46241","2","9","11"
"47168","15","19","34"
"52051","223","57","280"
"54499","5","10","15"
"49377","1","2","3"
"55243","0","2","2"
"43479","7","15","22"
"42719","6","10","16"
"45422","0","2","2"
"53248","6","29","35"
"44691","11","24","35"
"51301","0","2","2"
"51402","12","7","19"
"47980","1800","450","2250"
"53558","3","12","15"
"50213","3","3","6"
"51534","25","21","46"
"42835","10","10","20"
"48702","0","3","3"
"49769","10","9","19"
"46661","8","16","24"
"52512","7","10","17"
"44636","2","6","8"
"55238","5","10","15"
"42184","5","15","20"
"45259","40","13","53"
"48387","4","5","9"
"49428","22","78","100"
"43290","0","1","1"
"52734","10","12","22"
"47943","5","10","15"
"54171","20","20","40"
"55208","5","21","26"
"51903","2","5","7"
"49952","2","1","3"
"42168","6","6","12"
"53130","1","5","6"
"42368","1","1","2"
"52983","6","8","14"
"50095","4","6","10"
"55935","41","40","81"
"48754","4","4","8"
"47658","50","40","90"
"48143","6","8","14"
"45457","6","0","6"
"46716","16","21","37"
"55651","5","10","15"
"50443","2","1","3"
"48025","12","24","36"
"42539","6","20","26"
"44664","25","20","45"
"43733","2","0","2"
"46788","1","0","1"
"47893","31","49","80"
"51581","5","5","10"
"50336","4","0","4"
"54221","8","4","12"
"49118","6","1","7"
"54045","3","6","9"
"50438","5","17","22"
"52025","48","16","64"
"52395","6","12","18"
"51596","1","1","2"
"47924","1","0","1"
"49182","2","2","4"
"51348","5","0","5"
"45985","4","10","14"
"43101","174","25","199"
"47039","20","27","47"
"49511","1","0","1"
"53025","2","7","9"
"46481","0","2","2"
"54033","13","12","25"
"49707","2","5","7"
"54661","14","28","42"
"45848","20","13","33"
"52332","10","20","30"
"50661","8","15","23"
"52761","3","2","5"
"44188","1","1","2"
"47471","0","1","1"
"49168","2","5","7"
"47131","0","3","3"
"54367","4","17","21"
"47130","10","23","33"
"48435","12","54","66"
"48700","0","12","12"
"53247","1","1","2"
"45365","3","7","10"
"52407","1","1","2"
"55221","300","298","598"
"46474","5","10","15"
"43525","10","20","30"
"49244","1","2","3"
"48800","3","2","5"
"43004","8","20","28"
"47546","50","12","62"
"54256","14","2","16"
"51245","8","16","24"
"48343","2","8","10"
"55861","0","1","1"
"50381","1","1","2"
"51211","113","152","265"
"46447","0","1","1"
"49570","5","5","10"
"52793","22","22","44"
"48166","12","24","36"
"54483","1","1","2"
"52078","3","9","12"
"50692","0","1","1"
"49895","4","16","20"
"47209","0","9","9"
"48886","0","40","40"
"46464","16","12","28"
"48396","7","7","14"
"47287","2","8","10"
"49239","15","50","65"
"43685","2","6","8"
"46773","2","2","4"
"49491","5","10","15"
"42231","19","53","72"
"47805","12","20","32"
"47327","1","1","2"
"48701","12","0","12"
"51768","0","5","5"
"55473","0","10","10"
"55608","7","7","14"
"52578","2","10","12"
"55353","0","10","10"
"43069","10","6","16"
"51251","20","4","24"
"54019","0","2","2"
"53935","2","9","11"
"55423","10","12","22"
"48763","2","0","2"
"51386","172","64","236"
"51469","2","8","10"
"52466","89","37","126"
"54643","41","50","91"
"55409","3","0","3"
"53729","30","72","102"
"48573","0","1","1"
"54009","2","3","5"
"53606","6","9","15"
"54335","22","19","41"
"45957","51","24","75"
"46179","32","172","204"
"49876","1","5","6"
"42474","2","4","6"
"42459","9","4","13"
"52805","3","6","9"
"54346","39","56","95"
"52828","6","8","14"
"55736","11","15","26"
"42644","8","0","8"
"45921","100","45","145"
"45450","2","16","18"
"44360","32","37","69"
"42475","4","8","12"
"45251","0","1","1"
"54486","6","17","23"
"47533","4","0","4"
"47583","0","6","6"
"52711","0","12","12"
"42366","0","2","2"
"50800","7","25","32"
"55740","24","30","54"
"50713","2","2","4"
"47489","9","4","13"
"46528","4","7","11"
"52651","17","2","19"
"54028","6","16","22"
"48767","6","14","20"
"46339","1","3","4"
"51105","6","35","41"
"52835","5","12","17"
"48908","20","43","63"
"47639","3","10","13"
"53827","2","10","12"
"54742","1","1","2"
"44919","0","1","1"
"55707","6","6","12"
"45614","6","35","41"
"47882","5","11","16"
"45594","152","90","242"
"44040","1","0","1"
"52208","1","4","5"
"43927","2","0","2"
"52813","6","6","12"
"53851","4","6","10"
"47788","1","4","5"
"46701","5","10","15"
"48576","297","612","909"
"46286","2","5","7"
"42607","4","0","4"
"50403","3","6","9"
"52818","3","16","19"
"54674","25","25","50"
"44916","0","5","5"
"46201","1","0","1"
"49073","3","2","5"
"52925","9","8","17"
"55165","3","5","8"
"44452","31","32","63"
"53286","6","10","16"
"55622","8","8","16"
"48426","0","9","9"
"42578","6","7","13"
"46136","9","13","22"
"52868","4","10","14"
"48007","8","0","8"
"42654","36","13","49"
"53197","2","4","6"
"44525","0","1","1"
"48623","89","35","124"
"43505","20","82","102"
"43562","2","2","4"
"47690","2","1","3"
"51617","14","30","44"
"55891","11","8","19"
"49147","7","0","7"
"45520","1","2","3"
"55426","4","0","4"
"51873","104","84","188"
"53643","15","35","50"
"54989","6","3","9"
"47161","10","10","20"
"44255","6","7","13"
"48529","2","0","2"
"46129","7","11","18"
"47820","7","8","15"
"42261","2","6","8"
"50553","23","98","121"
"51609","16","35","51"
"53712","1","1","2"
"50541","2","7","9"
"54461","7","17","24"
"43060","1","8","9"
"45517","1","2","3"
"49827","17","11","28"
"49080","2","2","4"
"53668","4","2","6"
"50799","8","30","38"
"54873","5","5","10"
"47365","0","3","3"
"51119","297","612","909"
"48308","7","5","12"
"48230","0","2","2"
"50176","373","322","695"
"43837","6","12","18"
"46121","1","20","21"
"47951","3","15","18"
"50864","11","0","11"
"55331","30","25","55"
"42289","7","6","13"
"48737","0","8","8"
"49242","8","8","16"
"53740","2","4","6"
"42275","7","1","8"
"43622","4","3","7"
"55451","16","18","34"
"44372","16","20","36"
"55822","2","2","4"
"45883","8","16","24"
"48939","6","6","12"
"44427","10","4","14"
"44541","0","2","2"
"47504","1","1","2"
"54495","1","2","3"
"48779","194","140","334"
"51366","18","6","24"
"51814","2","16","18"
"52258","0","3","3"
"49982","7","5","12"
"48186","6","14","20"
"54710","17","22","39"
"49208","5","10","15"
"44082","8","9","17"
"44701","100","30","130"
"50156","6","4","10"
"50031","2","3","5"
"55373","5","4","9"
"45027","3","5","8"
"47388","1","1","2"
"51856","8","3","11"
"49812","2","7","9"
"51212","9","9","18"
"48663","1","0","1"
"43637","1","1","2"
"45405","3","0","3"
"53091","2","6","8"
"46260","4","9","13"
"44656","2","2","4"
"46728","2","4","6"
"54821","18","18","36"
"45212","10","20","30"
"48776","2","0","2"
"51131","2","3","5"
"44220","30","11","41"
"53719","12","18","30"
"44107","4","3","7"
"47336","6","22","28"
"47174","2","3","5"
"44842","0","5","5"
"47695","12","101","113"
"49975","28","29","57"
"52256","1","1","2"
"42872","0","1","1"
"43561","14","32","46"
"44754","22","20","42"
"47038","4","6","10"
"47911","5","3","8"
"55499","5","15","20"
"44338","179","96","275"
"43760","9","11","20"
"49561","1","2","3"
"54820","4","2","6"
"48955","1","4","5"
"55106","112","66","178"
"47778","30","28","58"
"52941","22","24","46"
"45092","1","0","1"
"52600","8","10","18"
"52337","3","2","5"
"44092","5","5","10"
"50939","5","5","10"
"47989","1","23","24"
"43623","0","6","6"
"52163","1","0","1"
"55251","2","4","6"
"55378","1035","210","1245"
"53634","9","15","24"
"51907","6","4","10"
"51870","0","29","29"
"53164","0","13","13"
"46951","2","4","6"
"53124","3","1","4"
"48055","2","2","4"
"44309","12","12","24"
"46079","2","4","6"
"47494","19","20","39"
"53746","2","4","6"
"50278","7","0","7"
"48533","6","8","14"
"53997","1","1","2"
"43953","20","31","51"
"49580","12","31","43"
"53384","0","25","25"
"45254","1","2","3"
"51331","75","30","105"
"53700","5","2","7"
"50111","6","13","19"
"53677","1","0","1"
"47967","10","8","18"
"55734","5","3","8"
"48923","1","2","3"
"50434","30","0","30"
"51372","1","10","11"
"42621","8","12","20"
"46814","2","1","3"
"46391","2","5","7"
"48907","20","4","24"
"45069","22","25","47"
"45206","20","20","40"
"50459","10","10","20"
"45969","865","310","1175"
"44028","27","138","165"
"54660","17","1","18"
"49881","154","68","222"
"43980","8","10","18"
"45479","4","16","20"
"49172","5","20","25"
"47319","2","0","2"
"55549","3","5","8"
"51304","1","0","1"
"54518","10","16","26"
"48707","7","20","27"
"47103","2","4","6"
"51562","12","2","14"
"43457","22","15","37"
"46551","8","0","8"
"47619","145","65","210"
"49439","3","12","15"
"51315","1","1","2"
"47768","17","42","59"
"50221","2","4","6"
"47559","11","15","26"
"52766","2","2","4"
"45138","1","6","7"
"46697","6","7","13"
"47015","3","0","3"
"51846","0","1","1"
"55388","7","12","19"
"49863","15","15","30"
"49123","0","6","6"
"55016","4","6","10"
"51255","10","11","21"
"50830","673","217","890"
"44898","5","7","12"
"50748","2","2","4"
"54778","14","7","21"
"44435","2","3","5"
"55680","35","40","75"
"49134","4","6","10"
"51558","12","1","13"
"43015","12","10","22"
"45469","7","7","14"
"49416","1","1","2"
"43931","24","44","68"
"45397","10","40","50"
"43445","0","7","7"
"47678","2","3","5"
"46191","0","1","1"
"50842","19","38","57"
"47984","24","30","54"
"50231","2","24","26"
"54001","15","58","73"
"44445","2","3","5"
"42522","24","30","54"
"54129","0","9","9"
"54601","416","342","758"
"44852","1","1","2"
"46548","2","1","3"
"51877","32","2","34"
"55780","202","137","339"
"51314","2","4","6"
"46616","40","100","140"
"47632","17","22","39"
"48265","0","8","8"
"52257","73","31","104"
"55855","4","6","10"
"42902","15","21","36"
"54191","5","10","15"
"43412","0","1","1"
"55685","16","7","23"
"48978","20","34","54"
"51050","0","4","4"
"55851","8","24","32"
"51974","90","11","101"
"55321","12","18","30"
"46971","1","1","2"
"51603","278","108","386"
"46868","8","8","16"
"45776","4","7","11"
"46782","4","10","14"
"45959","1","3","4"
"52751","2","1","3"
"47443","248","74","322"
"46399","12","0","12"
"49156","0","4","4"
"50349","8","23","31"
"54185","3","5","8"
"52853","236","106","342"
"47645","11","40","51"
"48148","6","3","9"
"51807","2","3","5"
"52032","15","20","35"
"52280","4","0","4"
"45193","3","4","7"
"50178","5","8","13"
"43515","20","60","80"
"55239","8","0","8"
"50565","0","1","1"
"51393","2","2","4"
"46939","297","612","909"
"42568","9","13","22"
"47368","1","12","13"
"53806","3","22","25"
"54489","2","5","7"
"53530","15","35","50"
"55509","0","4","4"
"51224","9","17","26"
"47059","7","8","15"
"50008","42","18","60"
"49383","0","5","5"
"48584","29","13","42"
"46403","16","30","46"
"50843","8","11","19"
"53456","4","12","16"
"55672","4","0","4"
"52218","6","6","12"
"49143","268","210","478"
"45280","0","2","2"
"43110","12","49","61"
"44984","2","10","12"
"47204","2","0","2"
"49200","4","21","25"
"42662","8","46","54"
"51396","0","3","3"
"53653","0","4","4"
"45886","8","11","19"
"49142","7","1","8"
"52068","123","26","149"
"53554","4","0","4"
"45615","0","3","3"
"55471","7","3","10"
"42670","4","18","22"
"43678","0","4","4"
"45497","2","3","5"
"50148","4","8","12"
"54572","30","0","30"
"53990","35","35","70"
"47317","22","10","32"
"48022","2","0","2"
"43651","1","4","5"
"42985","4","4","8"
"42117","0","1","1"
"49907","12","50","62"
"51772","5","17","22"
"52206","5","10","15"
"54361","4","12","16"
"44982","11","13","24"
"55764","5","30","35"
"48378","5","0","5"
"43692","","","7"
"43762","8","21","29"
"49300","5","11","16"
"49571","7","56","63"
"52313","10","10","20"
"55374","4","6","10"
"43853","4","12","16"
"46493","4","8","12"
"42955","0","4","4"
"51437","0","1","1"
"48809","2","6","8"
"49840","72","112","184"
"53632","9","19","28"
"53774","0","1","1"
"55094","0","2","2"
"46742","2","11","13"
"50989","3","10","13"
"52443","56","58","114"
"45739","10","8","18"
"55163","0","4","4"
"51465","0","1","1"
"52359","13","7","20"
"48478","0","15","15"
"43500","8","8","16"
"45950","53","39","92"
"48260","2","2","4"
"51473","1","1","2"
"43610","35","26","61"
"48250","2","1","3"
"48673","3","0","3"
"46290","2","10","12"
"46172","3","10","13"
"47527","40","0","40"
"46363","10","58","68"
"45712","138","106","244"
"42801","3","14","17"
"49702","2","4","6"
"54774","26","19","45"
"44628","6","5","11"
"55280","3","6","9"
"42509","0","1","1"
"49133","2","0","2"
"49307","0","4","4"
"51194","25","35","60"
"52170","4","14","18"
"51034","4","11","15"
"51934","3","6","9"
"43565","7","8","15"
"47394","2","1","3"
"50266","7","13","20"
"49513","11","26","37"
"48549","5","30","35"
"51956","1","2","3"
"50345","6","8","14"
"45981","15","2","17"
"50512","0","1","1"
"43734","2","11","13"
"46763","4","0","4"
"43720","2","0","2"
"42258","0","1","1"
"46254","2","8","10"
"47478","8","5","13"
"44519","2","0","2"
"47474","5","65","70"
"50135","0","2","2"
"51711","1088","392","1480"
"51345","0","1","1"
"53228","3","8","11"
"51368","4","3","7"
"54341","6","5","11"
"55653","57","4","61"
"53271","3","12","15"
"54084","2","2","4"
"50207","4","14","18"
"53373","27","11","38"
"48429","25","28","53"
"51691","7","6","13"
"44834","2","0","2"
"47916","2","2","4"
"53742","22","3","25"
"48791","10","50","60"
"48658","2","4","6"
"46219","5","75","80"
"50797","5","5","10"
"46206","0","10","10"
"52516","1","3","4"
"53264","2","1","3"
"50186","6","13","19"
"44057","0","4","4"
"47926","10","5","15"
"52339","2","3","5"
"46881","3","6","9"
"49293","10","15","25"
"52976","2","7","9"
"53512","3","18","21"
"46404","66","34","100"
"51886","450","250","700"
"46308","0","3","3"
"51228","7","37","44"
"54996","5","6","11"
"43314","6","22","28"
"54733","5","1","6"
"53702","15","21","36"
"48017","2","6","8"
"54991","0","5","5"
"49391","1","5","6"
"46131","5","4","9"
"51002","2","0","2"
"42646","3","6","9"
"44374","12","54","66"
"55283","4","10","14"
"46522","5","9","14"
"55205","14","5","19"
"44506","0","2","2"
"48618","2","1","3"
"49588","180","104","284"
"48758","6","6","12"
"54738","152","113","265"
"51723","7","7","14"
"43047","1","0","1"
"48775","0","12","12"
"50756","5","1","6"
"49186","3","5","8"
"48341","2","5","7"
"43269","8","0","8"
"51271","2","2","4"
"54247","29","54","83"
"52781","8","4","12"
"45777","10","16","26"
"46984","297","612","909"
"55347","1","4","5"
"54133","1","1","2"
"54899","2","10","12"
"51923","30","45","75"
"48846","0","9","9"
"55605","460","218","678"
"44312","1","2","3"
"44190","8","17","25"
"47938","49","60","109"
"51009","6","27","33"
"43425","0","1","1"
"51370","56","38","94"
"53308","1","8","9"
"54825","0","3","3"
"52551","1","1","2"
"54806","3","7","10"
"49226","1","1","2"
"44962","22","13","35"
"49531","12","18","30"
"48738","12","10","22"
"54433","2","0","2"
"54172","2","2","4"
"54911","4","5","9"
"48062","3","0","3"
"44601","1","1","2"
"47526","8","8","16"
"48853","10","15","25"
"49620","4","4","8"
"51566","0","1","1"
"46734","20","10","30"
"50847","10","30","40"
"55809","3","3","6"
"46106","6","15","21"
"46258","28","32","60"
"45498","6","3","9"
"42493","4","6","10"
"49174","56","95","151"
"49897","5","31","36"
"44351","5","11","16"
"51222","4","22","26"
"50029","12","11","23"
"52989","0","5","5"
"53592","5","5","10"
"55633","1","1","2"
"48169","8","10","18"
"53293","27","13","40"
"53837","4","4","8"
"48218","19","17","36"
"52063","1","0","1"
"46926","1","4","5"
"52400","15","55","70"
"45302","8","3","11"
"55026","2","8","10"
"55002","3","5","8"
"46628","4","2","6"
"52642","7","12","19"
"53604","7","7","14"
"42087","2","7","9"
"51361","4","16","20"
"55215","20","40","60"
"52484","32","15","47"
"54239","7","16","23"
"55375","4","11","15"
"50115","0","3","3"
"46420","13","16","29"
"50144","0","6","6"
"45155","56","50","106"
"54263","7","18","25"
"54983","2","3","5"
"49169","1","0","1"
"51836","0","1","1"
"54912","19","28","47"
"48474","50","110","160"
"53823","8","10","18"
"42094","10","3","13"
"48742","3","8","11"
"43027","2","1","3"
"44570","5","2","7"
"53085","6","14","20"
"46651","2","13","15"
"45017","0","1","1"
"49519","1","0","1"
"53878","4","0","4"
"45235","3","9","12"
"55335","3","3","6"
"50987","60","112","172"
"51294","2","0","2"
"51921","6","22","28"
"53187","36","23","59"
"49232","0","1","1"
"54217","10","15","25"
"43188","31","35","66"
"51844","0","1","1"
"46160","19","31","50"
"50116","0","1","1"
"53430","15","10","25"
"46031","18","10","28"
"48484","0","4","4"
"55749","36","20","56"
"53903","49","16","65"
"47291","0","2","2"
"45794","4","8","12"
"49627","162","41","203"
"49687","10","15","25"
"46318","3","2","5"
"44443","2","9","11"
"51103","16","5","21"
"53262","298","161","459"
"49264","6","12","18"
"51669","10","105","115"
"52453","55","3","58"
"47476","20","31","51"
"51547","2","0","2"
"54768","6","6","12"
"54917","17","22","39"
"43602","4","2","6"
"45403","1048","187","1235"
"52117","6","4","10"
"55323","2","5","7"
"45424","2","0","2"
"55017","7","11","18"
"44059","4","5","9"
"46838","2","0","2"
"44870","0","2","2"
"48497","2","2","4"
"55719","3","10","13"
"50147","0","4","4"
"52779","1","0","1"
"48348","14","6","20"
"50065","297","612","909"
"50486","15","20","35"
"50740","1","1","2"
"47055","84","84","168"
"52660","31","115","146"
"44622","8","2","10"
"49404","45","29","74"
"50727","49","31","80"
"44086","2","0","2"
"55294","53","60","113"
"45960","0","2","2"
"51887","2","1","3"
"50259","2","1","3"
"44413","1","1","2"
"50217","4","18","22"
"52698","0","22","22"
"44823","5","25","30"
"46338","53","80","133"
"49926","25","15","40"
"54893","0","1","1"
"42964","3","4","7"
"43537","3","28","31"
"52444","2","10","12"
"42238","4","10","14"
"47903","26","8","34"
"47220","1","2","3"
"46749","12","12","24"
"48848","4","0","4"
"52461","14","13","27"
"49317","52","72","124"
"51446","2","2","4"
"55057","5","8","13"
"50626","0","3","3"
"49108","18","17","35"
"49175","3","29","32"
"43749","1","0","1"
"49546","500","36","536"
"53345","7","10","17"
"44484","3","0","3"
"48196","0","5","5"
"54999","3","2","5"
"48819","10","12","22"
"51317","2","5","7"
"50601","2","4","6"
"48054","3","0","3"
"48246","3","17","20"
"46356","3","3","6"
"51398","20","40","60"
"55320","","","74"
"54289","36","77","113"
"55247","1","1","2"
"45210","3","0","3"
"47026","16","32","48"
"47447","4","4","8"
"43783","1","0","1"
"45643","0","1","1"
"47215","12","12","24"
"47410","3","0","3"
"51527","4","36","40"
"47709","1","2","3"
"47074","10","17","27"
"55398","8","15","23"
"55422","5","5","10"
"50159","0","12","12"
"45215","9","7","16"
"47628","5","0","5"
"48454","42","78","120"
"55670","37","24","61"
"52489","2","6","8"
"43652","2","0","2"
"49224","15","50","65"
"54160","5","4","9"
"45428","2","2","4"
"50092","15","35","50"
"54255","4","8","12"
"47596","1","2","3"
"49844","8","16","24"
"43731","0","3","3"
"50811","2","0","2"
"44439","3","3","6"
"48557","2","3","5"
"49371","9","8","17"
"55051","1","1","2"
"50177","2","4","6"
"44274","5","6","11"
"55788","0","10","10"
"53493","34","18","52"
"45978","6","9","15"
"48565","11","8","19"
"50788","36","56","92"
"52945","","","120"
"46807","2","0","2"
"52302","3","5","8"
"55431","354","300","654"
"45393","7","18","25"
"45778","0","4","4"
"43029","18","18","36"
"43682","0","17","17"
"49014","2","1","3"
"50472","2","10","12"
"54732","2","0","2"
"51706","100","56","156"
"44684","3","2","5"
"46499","1","1","2"
"52562","10","90","100"
"44508","1","0","1"
"42397","0","10","10"
"44219","39","51","90"
"50498","20","40","60"
"51563","15","24","39"
"51835","15","15","30"
"44758","0","50","50"
"47274","1","13","14"
"51821","0","2","2"
"54094","8","10","18"
"51111","12","94","106"
"46666","50","75","125"
"51842","5","5","10"
"42384","0","1","1"
"47199","0","3","3"
"42307","1","1","2"
"49613","15","41","56"
"50307","4","8","12"
"49046","45","34","79"
"47771","2","2","4"
"42299","50","88","138"
"55463","6","30","36"
"48402","17","12","29"
"46312","2","5","7"
"46440","41","50","91"
"55297","13","13","26"
"55718","8","2","10"
"48832","4","35","39"
"46347","0","2","2"
"47445","3","5","8"
"50703","5","5","10"
"55847","321","999","1320"
"45325","8","5","13"
"49464","11","10","21"
"55856","1","0","1"
"43103","4","4","8"
"51367","4","6","10"
"55350","0","10","10"
"50373","5","8","13"
"44544","1","0","1"
"48747","2","0","2"
"54621","4","8","12"
"47393","33","15","48"
"51288","5","6","11"
"55695","10","12","22"
"42754","5","10","15"
"49120","12","31","43"
"42841","6","14","20"
"44023","4","7","11"
"46358","0","1","1"
"45849","2","5","7"
"51382","721","489","1210"
"55479","4","1","5"
"42472","6","25","31"
"50841","2","12","14"
"48624","10","7","17"
"48728","0","18","18"
"50268","7","6","13"
"48178","8","9","17"
"47032","0","5","5"
"52250","44","4","48"
"50645","1","2","3"
"50694","1","3","4"
"47216","9","15","24"
"53026","20","5","25"
"48432","8","10","18"
"53514","4","20","24"
"54454","7","8","15"
"44189","7","18","25"
"52509","14","11","25"
"42483","2","2","4"
"42811","16","26","42"
"53132","3","1","4"
"54479","5","3","8"
"49096","8","0","8"
"44891","5","10","15"
"42526","4","9","13"
"47000","4","0","4"
"48592","0","1","1"
"44176","0","1","1"
"45764","3","6","9"
"47208","9","8","17"
"44563","5","6","11"
"45078","5","4","9"
"53584","4","14","18"
"45253","1","1","2"
"46152","3","3","6"
"55131","3","4","7"
"47246","2","14","16"
"55355","6","8","14"
"48163","5","23","28"
"54673","1","2","3"
"54780","11","27","38"
"50623","146","120","266"
"46624","60","51","111"
"52223","0","3","3"
"42099","36","54","90"
"46291","2","3","5"
"53858","14","21","35"
"50716","1","3","4"
"52627","","","790"
"48547","0","1","1"
"51825","31","9","40"
"53893","7","7","14"
"43292","0","1","1"
"43875","0","1","1"
"52886","3","5","8"
"51549","7","15","22"
"53040","5","6","11"
"54595","1","5","6"
"43805","6","7","13"
"49179","12","16","28"
"44746","25","40","65"
"48216","8","18","26"
"55325","0","10","10"
"50383","4","8","12"
"54834","1","1","2"
"46434","30","17","47"
"47512","1","4","5"
"49998","10","0","10"
"52219","0","3","3"
"49961","10","10","20"
"53012","2","1","3"
"49517","2","10","12"
"50823","101","196","297"
"50781","8","6","14"
"51369","8","10","18"
"42502","9","14","23"
"52510","30","15","45"
"53637","9","14","23"
"43566","11","28","39"
"51483","75","30","105"
"55120","50","151","201"
"51290","32","59","91"
"46077","5","3","8"
"51454","2","3","5"
"52497","0","2","2"
"53499","6","41","47"
"45167","10","33","43"
"45551","2","13","15"
"42485","0","2","2"
"44071","3","0","3"
"51390","2","3","5"
"45021","0","4","4"
"54874","0","4","4"
"46406","8","12","20"
"50463","728","503","1231"
"48012","12","5","17"
"55305","5","10","15"
"55392","2","7","9"
"42563","2","0","2"
"51166","1","0","1"
"53386","13","33","46"
"49851","5","16","21"
"46198","1","1","2"
"50709","42","53","95"
"54965","30","15","45"
"52057","3","0","3"
"43949","4","8","12"
"49155","40","20","60"
"48085","1","0","1"
"55839","16","20","36"
"44715","2","5","7"
"55563","4","6","10"
"42110","3","7","10"
"46319","0","1","1"
"52682","17","60","77"
"46473","26","29","55"
"48654","10","15","25"
"52030","22","34","56"
"52248","0","2","2"
"48555","11","7","18"
"49710","1","2","3"
"48843","4","0","4"
"50009","1","1","2"
"54918","11","14","25"
"55158","6","3","9"
"42412","3","9","12"
"47407","2","0","2"
"52638","5","30","35"
"44429","3","5","8"
"46262","0","9","9"
"45255","1","2","3"
"46186","16","12","28"
"48141","0","3","3"
"45032","5","5","10"
"53560","2","2","4"
"46134","7","6","13"
"47963","0","3","3"
"46740","163","161","324"
"47313","2","3","5"
"45937","1","0","1"
"49809","2","0","2"
"52196","79","88","167"
"50706","10","32","42"
"48173","3","1","4"
"43231","18","22","40"
"48862","6","8","14"
"51094","25","25","50"
"47050","0","2","2"
"47461","5","5","10"
"54845","3","9","12"
"51591","9","5","14"
"42730","2","3","5"
"49435","2","0","2"
"50887","40","30","70"
"48280","8","12","20"
"48009","8","3","11"
"44002","5","10","15"
"51630","10","20","30"
"50429","43","86","129"
"55309","8","10","18"
"47850","31","42","73"
"52292","3","0","3"
"47661","18","15","33"
"47737","6","2","8"
"51612","144","86","230"
"52309","4","3","7"
"54204","6","12","18"
"55724","0","3","3"
"47496","4","2","6"
"47053","8","0","8"
"50070","13","27","40"
"46608","168","105","273"
"45263","0","2","2"
"49950","5","0","5"
"52900","4","4","8"
"54599","8","0","8"
"43861","7","10","17"
"45085","240","189","429"
"55198","4","11","15"
"44614","2","0","2"
"52888","1","1","2"
"45201","8","6","14"
"42993","2","2","4"
"44737","0","7","7"
"44356","9","10","19"
"50021","2","1","3"
"47223","2","0","2"
"50371","6","7","13"
"52662","40","89","129"
"54158","1","46","47"
"43919","0","3","3"
"47493","0","5","5"
"51758","0","2","2"
"54846","2","2","4"
"46080","0","3","3"
"50236","2","2","4"
"45752","3","0","3"
"49909","4","8","12"
"48558","6","19","25"
"47019","1","0","1"
"47638","1","0","1"
"45926","18","6","24"
"45229","10","5","15"
"47318","4","4","8"
"49023","3","5","8"
"42517","4","8","12"
"51618","3","8","11"
"48204","21","14","35"
"53329","0","1","1"
"53765","4","27","31"
"49796","8","1","9"
"42311","3","3","6"
"43755","2","3","5"
"51184","24","12","36"
"52074","2","2","4"
"49590","20","20","40"
"42592","5","19","24"
"49480","1","2","3"
"49820","2","5","7"
"43994","1","2","3"
"55027","5","15","20"
"53549","0","3","3"
"43601","2","2","4"
"49772","5","25","30"
"46705","3","8","11"
"54112","10","0","10"
"48855","58","51","109"
"55715","4","8","12"
"52109","102","76","178"
"44518","","","58"
"44085","4","4","8"
"43864","2","4","6"
"44641","15","29","44"
"51238","30","0","30"
"49008","12","41","53"
"46794","6","8","14"
"48780","135","49","184"
"52001","237","186","423"
"47887","7","13","20"
"42844","2","4","6"
"49941","2","2","4"
"54910","9","16","25"
"48364","2","0","2"
"48203","4","1","5"
"46004","0","4","4"
"51752","4","6","10"
"52022","43","11","54"
"47993","1","1","2"
"51449","6","7","13"
"43459","4","7","11"
"42516","0","1","1"
"46969","297","612","909"
"54212","2","8","10"
"48451","5","12","17"
"49198","14","15","29"
"44854","12","16","28"
"43791","6","8","14"
"55658","2","6","8"
"54625","17","14","31"
"53953","9","12","21"
"55917","15","29","44"
"50711","0","1","1"
"51533","16","8","24"
"48229","15","12","27"
"48572","18","25","43"
"50305","15","38","53"
"52039","0","1","1"
"47629","6","10","16"
"51020","0","1","1"
"54885","10","15","25"
"44339","200","40","240"
"51914","7","14","21"
"51039","20","60","80"
"46996","0","8","8"
"55625","7","71","78"
"50568","256","170","426"
"50288","30","120","150"
"46165","2","5","7"
"55884","8","1","9"
"55857","1","1","2"
"42247","3","16","19"
"47045","7","13","20"
"55256","1","1","2"
"54908","2","3","5"
"46550","0","1","1"
"52607","0","2","2"
"52871","4","28","32"
"49476","156","127","283"
"50780","0","1","1"
"44799","2","5","7"
"55706","44","33","77"
"44284","1","5","6"
"51291","0","1","1"
"52270","1","4","5"
"51781","2","0","2"
"55054","1","1","2"
"46985","3","8","11"
"51950","4","0","4"
"51106","55","17","72"
"53154","4","21","25"
"44918","10","15","25"
"47413","0","2","2"
"47570","3","2","5"
"55477","2","2","4"
"47324","8","8","16"
"43006","0","2","2"
"43705","3","10","13"
"50730","0","3","3"
"45345","2","10","12"
"53064","13","20","33"
"50676","5","9","14"
"53623","0","15","15"
"54703","11","15","26"
"48102","4","90","94"
"49626","27","63","90"
"55811","10","8","18"
"46144","10","9","19"
"43297","2","2","4"
"47814","2","5","7"
"51199","2","10","12"
"46374","","","16"
"46760","76","41","117"
"44514","0","1","1"
"45677","1","3","4"
"52699","2","1","3"
"53018","4","8","12"
"52469","1","0","1"
"54447","2","2","4"
"54500","4","10","14"
"47159","4","1","5"
"45074","2","2","4"
"47165","5","6","11"
"50539","0","2","2"
"45099","2","2","4"
"48879","0","1","1"
"48215","1","0","1"
"49821","0","3","3"
"53361","6","2","8"
"48969","6","7","13"
"48778","8","13","21"
"50820","8","11","19"
"53281","15","26","41"
"52072","2","1","3"
"51989","0","1","1"
"49904","16","21","37"
"51287","9","16","25"
"51523","5","5","10"
"53761","12","18","30"
"51278","3","5","8"
"52865","0","30","30"
"47870","8","8","16"
"51997","1","4","5"
"48136","5","10","15"
"48959","2","0","2"
"52889","10","10","20"
"49103","1","3","4"
"52421","0","2","2"
"54759","0","1","1"
"55744","6","20","26"
"51220","21","36","57"
"47451","6","16","22"
"51833","48","63","111"
"53944","4","12","16"
"49071","4","9","13"
"51265","12","29","41"
"52902","8","8","16"
"49668","10","30","40"
"51678","12","7","19"
"52678","4","4","8"
"55578","6","10","16"
"43048","49","97","146"
"46455","5","10","15"
"42147","18","35","53"
"48859","2","3","5"
"42716","4","3","7"
"44099","8","21","29"
"46592","1","1","2"
"52844","0","25","25"
"44299","3","3","6"
"49176","3","5","8"
"49939","4","4","8"
"45670","12","11","23"
"48621","1","1","2"
"50732","878","318","1196"
"48840","6","19","25"
"46655","4","6","10"
"51910","3","1","4"
"46539","14","16","30"
"43808","25","19","44"
"53810","12","0","12"
"44393","6","3","9"
"45514","0","4","4"
"42901","6","5","11"
"53913","5","1","6"
"49578","20","4","24"
"47862","16","26","42"
"42789","2","4","6"
"54704","50","11","61"
"45529","20","15","35"
"54981","0","16","16"
"49719","5","25","30"
"50004","3","4","7"
"43024","2","11","13"
"51759","2","5","7"
"50958","39","45","84"
"43111","2","4","6"
"55698","1","2","3"
"55709","150","36","186"
"44249","0","1","1"
"42102","48","32","80"
"43767","8","7","15"
"44155","10","15","25"
"49384","40","27","67"
"54772","4","6","10"
"54985","3","5","8"
"42523","6","30","36"
"44297","2","18","20"
"48987","2","0","2"
"53090","5","10","15"
"48757","2","21","23"
"53292","18","22","40"
"44968","0","10","10"
"55806","3","3","6"
"54516","148","122","270"
"49066","9","15","24"
"52748","5","10","15"
"45955","17","51","68"
"43061","8","0","8"
"45715","0","7","7"
"49947","0","3","3"
"43172","1","0","1"
"46731","0","6","6"
"52502","21","46","67"
"47383","10","1","11"
"55693","213","94","307"
"49612","5","10","15"
"50204","6","0","6"
"49804","4","8","12"
"48500","15","19","34"
"50379","10","15","25"
"43824","1","6","7"
"44364","8","1","9"
"55620","1","8","9"
"44714","19","28","47"
"44828","2","2","4"
"51644","4","0","4"
"44306","0","8","8"
"48321","1","0","1"
"53070","2","3","5"
"49860","3","16","19"
"50519","10","23","33"
"50892","4","8","12"
"55362","1","0","1"
"43439","15","15","30"
"43874","3","10","13"
"48197","10","13","23"
"53707","8","0","8"
"54669","4","12","16"
"44750","0","1","1"
"45842","4","2","6"
"55773","1","1","2"
"55093","0","4","4"
"45992","4","5","9"
"48620","0","1","1"
"51204","4","15","19"
"53189","297","612","909"
"46851","5","4","9"
"55657","2","3","5"
"44250","5","7","12"
"50884","0","24","24"
"45579","2","1","3"
"44060","1","1","2"
"42445","0","3","3"
"50558","10","26","36"
"50302","18","46","64"
"49921","32","10","42"
"43721","40","26","66"
"48284","42","38","80"
"55402","4","4","8"
"54393","1","1","2"
"48659","1","3","4"
"48868","21","29","50"
"49711","3","3","6"
"46963","297","612","909"
"43427","2","1","3"
"51901","10","20","30"
"42446","0","1","1"
"55877","0","4","4"
"44579","15","15","30"
"49974","11","5","16"
"55681","60","204","264"
"50822","0","2","2"
"52186","2","0","2"
"52357","2","0","2"
"42802","7","10","17"
"43898","2","6","8"
"45674","1","0","1"
"52038","1","1","2"
"53945","10","4","14"
"51472","25","27","52"
"51707","1","1","2"
"47853","2","3","5"
"53559","5","10","15"
"46652","4","2","6"
"47110","4","7","11"
"45261","7","10","17"
"51062","0","3","3"
"46238","11","24","35"
"52424","39","26","65"
"54430","4","3","7"
"44066","0","15","15"
"55690","11","52","63"
"47520","2","2","4"
"43560","7","8","15"
"48030","85","195","280"
"46349","18","22","40"
"47906","0","6","6"
"51093","2","0","2"
"54153","2","4","6"
"54830","5","7","12"
"53266","10","2","12"
"45571","19","23","42"
"47028","131","52","183"
"42913","0","5","5"
"53257","48","57","105"
"44836","20","20","40"
"47089","2","7","9"
"43650","14","16","30"
"46357","11","19","30"
"43291","5","10","15"
"42595","10","9","19"
"46556","0","1","1"
"48653","1","3","4"
"50612","2","3","5"
"52724","1","1","2"
"49951","0","5","5"
"53285","1","1","2"
"44317","4","16","20"
"46298","5","10","15"
"50363","6","21","27"
"54076","2","17","19"
"46674","4","3","7"
"45467","6","11","17"
"47058","4","0","4"
"49481","154","90","244"
"51982","7","39","46"
"53630","0","6","6"
"42242","2","4","6"
"54453","3","4","7"
"45652","1","0","1"
"44392","6","16","22"
"47770","2","8","10"
"46952","2","0","2"
"51142","6","15","21"
"51769","62","59","121"
"53904","8","34","42"
"50294","0","1","1"
"55063","11","0","11"
"42693","4","0","4"
"45961","0","3","3"
"46025","8","33","41"
"52939","3","0","3"
"45033","0","16","16"
"50195","13","1","14"
"53408","15","6","21"
"53246","12","4","16"
"42776","0","1","1"
"46024","21","39","60"
"52773","7","10","17"
"51524","2","15","17"
"53053","5","3","8"
"54051","1","1","2"
"51508","0","5","5"
"53824","5","5","10"
"55869","0","6","6"
"54844","26","36","62"
"44389","18","16","34"
"46997","0","3","3"
"44110","4","8","12"
"55028","5","5","10"
"47044","8","5","13"
"49507","15","20","35"
"46112","1","1","2"
"55168","3","1","4"
"49616","19","12","31"
"50320","3","6","9"
"45470","1","0","1"
"50461","7","8","15"
"42424","1","3","4"
"42465","0","3","3"
"49009","4","5","9"
"47486","2","8","10"
"50030","2","4","6"
"52539","15","27","42"
"44778","6","7","13"
"47499","2","0","2"
"54502","9","9","18"
"50445","12","13","25"
"48023","2","2","4"
"42596","1","1","2"
"48065","5","7","12"
"55906","12","6","18"
"54220","2","6","8"
"51808","2","0","2"
"43716","8","35","43"
"48773","1","2","3"
"52677","2","0","2"
"50428","4","3","7"
"54588","0","10","10"
"44064","0","1","1"
"46057","1","0","1"
"47730","9","17","26"
"53442","2","4","6"
"55684","4","2","6"
"53353","8","10","18"
"44407","0","10","10"
"42576","3","3","6"
"51649","6","18","24"
"52657","5","1","6"
"45929","112","72","184"
"45028","6","21","27"
"45741","5","8","13"
"50983","5","4","9"
"53057","10","8","18"
"51788","36","75","111"
"55144","2","4","6"
"45505","4","0","4"
"42344","4","22","26"
"43761","7","41","48"
"55533","5","5","10"
"49414","0","6","6"
"44605","1","4","5"
"47689","0","1","1"
"54270","4","15","19"
"48000","20","10","30"
"44061","2","4","6"
"55096","2","6","8"
"49375","3","14","17"
"54578","5","6","11"
"54143","0","2","2"
"55745","8","6","14"
"51155","5","10","15"
"51564","0","4","4"
"47464","30","31","61"
"44690","20","12","32"
"43215","0","1","1"
"42575","8","8","16"
"53784","44","30","74"
"55413","3","3","6"
"49589","5","6","11"
"55652","12","0","12"
"51800","8","6","14"
"47409","0","5","5"
"54998","2","0","2"
"47657","6","26","32"
"48296","5","7","12"
"47102","5","15","20"
"51559","8","10","18"
"44292","8","10","18"
"44866","13","14","27"
"51110","24","63","87"
"55230","30","14","44"
"50957","7","9","16"
"51945","1","1","2"
"46218","9","16","25"
"51783","0","5","5"
"53629","100","20","120"
"53847","6","5","11"
"45477","1","6","7"
"43605","2","3","5"
"54579","4","3","7"
"50517","6","6","12"
"42438","30","23","53"
"53188","2","4","6"
"46712","2","5","7"
"49740","23","53","76"
"52055","10","25","35"
"47462","17","11","28"
"54458","1","2","3"
"48231","10","16","26"
"45683","9","0","9"
"47681","2","2","4"
"45675","1","0","1"
"44291","0","2","2"
"55282","10","10","20"
"47543","25","20","45"
"45114","2","0","2"
"55934","8","16","24"
"51674","2","14","16"
"54932","18","15","33"
"42120","5","9","14"
"50364","1","0","1"
"50725","10","2","12"
"48327","5","30","35"
"52714","10","25","35"
"47675","5","10","15"
"49308","0","1","1"
"45230","8","23","31"
"52024","60","50","110"
"46419","10","13","23"
"50779","6","8","14"
"55540","6","2","8"
"45956","2","4","6"
"55854","6","5","11"
"47477","0","2","2"
"48756","4","10","14"
"45604","1","2","3"
"43845","4","8","12"
"47579","18","12","30"
"48876","79","202","281"
"43957","9","7","16"
"43552","4","3","7"
"55824","13","18","31"
"45570","4","20","24"
"48347","2","2","4"
"50055","5","45","50"
"52537","16","0","16"
"52457","5","8","13"
"46643","3","4","7"
"50068","7","0","7"
"42208","2","1","3"
"45765","3","8","11"
"45580","5","4","9"
"54478","5","10","15"
"43617","3","3","6"
"46676","2","1","3"
"49752","6","28","34"
"52403","20","12","32"
"47086","5","7","12"
"54876","0","2","2"
"55046","1","9","10"
"46178","2","0","2"
"51156","24","68","92"
"46552","3","12","15"
"47685","25","10","35"
"54852","2","4","6"
"50575","4","14","18"
"52807","0","7","7"
"55888","2","10","12"
"51416","12","2","14"
"55798","3","2","5"
"52891","1","1","2"
"44011","0","1","1"
"45687","4","15","19"
"49192","18","38","56"
"52685","5","5","10"
"52420","15","24","39"
"44685","30","16","46"
"47828","0","8","8"
"50966","10","2","12"
"53127","2","28","30"
"46284","2","4","6"
"45537","0","4","4"
"51794","0","4","4"
"55197","7","7","14"
"46248","2","8","10"
"52047","9","8","17"
"45423","10","10","20"
"48732","1","0","1"
"54194","3","1","4"
"47321","5","20","25"
"55336","4","10","14"
"44552","10","13","23"
"49984","0","4","4"
"53835","0","1","1"
"48711","0","5","5"
"52742","2","5","7"
"42919","3","6","9"
"54835","1","2","3"
"42994","7","27","34"
"45013","1","0","1"
"55506","3","6","9"
"47397","11","16","27"
"44903","4","5","9"
"53200","7","16","23"
"55454","6","6","12"
"45464","5","6","11"
"46957","0","14","14"
"51826","21","79","100"
"43559","10","11","21"
"54231","116","180","296"
"55494","1","1","2"
"52746","2","5","7"
"43539","13","18","31"
"52910","","","93"
"53646","8","10","18"
"52418","0","4","4"
"47567","4","4","8"
"51044","1","1","2"
"50851","20","56","76"
"54197","8","9","17"
"55334","18","12","30"
"47646","3","2","5"
"47007","4","4","8"
"50310","0","2","2"
"53400","2","11","13"
"42342","0","12","12"
"47871","1","4","5"
"55737","0","6","6"
"49524","1","4","5"
"44500","57","65","122"
"53778","46","72","118"
"50094","6","7","13"
"47663","21","17","38"
"48389","90","101","191"
"51312","5","12","17"
"51784","60","32","92"
"53681","6","12","18"
"55416","0","1","1"
"45219","2","10","12"
"42921","0","4","4"
"50233","22","12","34"
"54214","0","1221","1221"
"43441","3","7","10"
"43981","6","1","7"
"49340","0","1","1"
"49787","5","10","15"
"47111","2","3","5"
"55024","25","25","50"
"53892","0","1","1"
"49006","9","30","39"
"45011","21","18","39"
"50651","2","5","7"
"49440","18","47","65"
"52460","5","10","15"
"53020","12","2","14"
"47438","3","7","10"
"48276","32","9","41"
"51718","25","37","62"
"43588","11","12","23"
"52192","4","4","8"
"55066","13","13","26"
"49496","2","6","8"
"45389","10","20","30"
"42556","0","1","1"
"53495","1","1","2"
"46296","1","3","4"
"50036","6","4","10"
"50869","10","9","19"
"49958","21","35","56"
"52930","12","1","13"
"52142","1","4","5"
"49899","5","5","10"
"51135","10","20","30"
"49767","1","4","5"
"54888","5","7","12"
"42780","3","12","15"
"46886","16","20","36"
"43708","1","1","2"
"45953","32","155","187"
"50821","0","10","10"
"50947","12","19","31"
"42270","8","22","30"
"47626","5","5","10"
"48941","13","10","23"
"49477","1","2","3"
"47232","2","5","7"
"55292","1","1","2"
"45792","25","15","40"
"53867","1","10","11"
"50828","0","12","12"
"52943","5","15","20"
"49302","7","2","9"
"51735","8","16","24"
"45487","5","17","22"
"55474","5","10","15"
"53721","8","17","25"
"42597","3","2","5"
"43044","101","136","237"
"55483","17","16","33"
"45305","0","2","2"
"47049","52","52","104"
"48462","6","13","19"
"53767","18","36","54"
"49433","11","21","32"
"43784","2","3","5"
"55265","2","1","3"
"53050","5","8","13"
"54269","1","6","7"
"50362","5","14","19"
"44948","28","35","63"
"43706","10","3","13"
"54168","0","1","1"
"43940","6","13","19"
"47513","2","0","2"
"48461","6","10","16"
"48268","6","5","11"
"47796","0","3","3"
"50328","10","1","11"
"50457","14","60","74"
"47540","11","11","22"
"48090","6","15","21"
"49673","12","7","19"
"45156","5","0","5"
"48924","25","72","97"
"53243","169","98","267"
"52336","30","52","82"
"48073","20","9","29"
"52017","15","39","54"
"52890","191","177","368"
"43068","0","6","6"
"55304","2","3","5"
"55196","4","3","7"
"53641","2","3","5"
"51231","15","16","31"
"49191","11","7","18"
"42903","6","7","13"
"43851","2","2","4"
"47375","2","4","6"
"46623","6","14","20"
"55601","20","24","44"
"44988","10","43","53"
"54438","6","7","13"
"45355","5","8","13"
"51927","","","165"
"50511","2","4","6"
"44869","0","5","5"
"47774","1","1","2"
"54850","2","6","8"
"46125","2","1","3"
"42255","5","5","10"
"46226","318","214","532"
"53714","0","2","2"
"46654","2","2","4"
"50654","15","19","34"
"51264","36","28","64"
"53930","28","6","34"
"47280","17","48","65"
"42936","1","6","7"
"42861","2","0","2"
"50077","0","57","57"
"44424","2","8","10"
"44618","1","1","2"
"48911","20","28","48"
"52026","15","21","36"
"44813","4","12","16"
"52308","0","22","22"
"51190","1","3","4"
"49259","0","1","1"
"49607","5","13","18"
"51328","3","3","6"
"52220","0","32","32"
"52237","2","5","7"
"44659","8","33","41"
"50436","6","10","16"
"53695","40","20","60"
"48916","10","20","30"
"49724","1","0","1"
"43967","0","1","1"
"46511","36","30","66"
"47422","2","3","5"
"50615","5","0","5"
"45641","0","4","4"
"51799","1","0","1"
"54898","5","0","5"
"49087","4","4","8"
"49085","0","10","10"
"51151","5","13","18"
"43815","2","5","7"
"45050","5","13","18"
"53027","5","10","15"
"45169","9","15","24"
"52121","2","11","13"
"54650","12","44","56"
"51978","20","20","40"
"54260","1","2","3"
"54736","0","2","2"
"51150","1","1","2"
"42961","8","16","24"
"49649","5","5","10"
"52752","3","4","7"
"43032","9","1","10"
"51170","106","153","259"
"54098","6","8","14"
"48527","20","34","54"
"54312","1","2","3"
"46037","5","6","11"
"53509","10","3","13"
"45713","7","7","14"
"50324","0","3","3"
"53694","1","0","1"
"47419","7","8","15"
"51038","8","9","17"
"49207","8","0","8"
"55314","120","20","140"
"53580","3","4","7"
"53894","12","16","28"
"44237","301","291","592"
"47308","2","0","2"
"55253","15","8","23"
"45342","0","1","1"
"54609","368","93","461"
"50602","0","3","3"
"45262","98","40","138"
"51579","135","88","223"
"45769","0","4","4"
"55307","3","5","8"
"49382","15","18","33"
"49892","12","7","19"
"48694","0","2","2"
"45611","10","13","23"
"43454","4","7","11"
"52065","36","26","62"
"50898","15","4","19"
"52097","1","0","1"
"51431","2","3","5"
"49352","2","15","17"
"51352","8","8","16"
"51709","3","8","11"
"47357","2","3","5"
"44688","2","5","7"
"53121","4","4","8"
"55482","0","1","1"
"45346","1","1","2"
"49688","0","1","1"
"43956","2","2","4"
"44203","8","8","16"
"45004","5","12","17"
"54895","2","2","4"
"52059","14","27","41"
"48546","5","16","21"
"53144","4","3","7"
"52231","0","92","92"
"43372","6","6","12"
"55487","1","3","4"
"50034","6","15","21"
"52518","29","0","29"
"55403","2","3","5"
"42698","0","2","2"
"48384","4","9","13"
"55154","18","30","48"
"54262","5","10","15"
"55860","6","3","9"
"46251","28","17","45"
"50295","12","19","31"
"42264","0","1","1"
"47116","3","1","4"
"53749","36","40","76"
"42574","5","10","15"
"46715","14","24","38"
"52810","4","0","4"
"54882","6","8","14"
"43590","25","20","45"
"53877","4","16","20"
"45398","3","0","3"
"49718","0","1","1"
"53421","6","8","14"
"53652","6","0","6"
"45742","12","12","24"
"48638","0","1","1"
"47100","2","1","3"
"55923","21","31","52"
"51671","3","10","13"
"47692","0","7","7"
"51771","4","12","16"
"47384","0","1221","1221"
"52730","4","0","4"
"48388","2","4","6"
"48749","9","10","19"
"55466","5","11","16"
"55457","5","7","12"
"47064","0","1","1"
"44198","8","8","16"
"47838","28","74","102"
"43117","3","7","10"
"46307","1","0","1"
"46311","10","25","35"
"53429","32","77","109"
"54321","","","1943"
"48954","4","13","17"
"50392","2","4","6"
"42541","2","5","7"
"54930","3","6","9"
"51082","6","10","16"
"46365","3","4","7"
"45779","2","6","8"
"46352","0","1","1"
"51494","40","64","104"
"51144","12","10","22"
"47219","4","8","12"
"47487","0","6","6"
"47766","8","5","13"
"52464","6","4","10"
"48903","2","2","4"
"53792","12","18","30"
"46498","24","25","49"
"45820","2","2","4"
"43796","5","5","10"
"44839","0","6","6"
"45361","2","2","4"
"48798","4","4","8"
"46625","4","4","8"
"43478","8","8","16"
"45296","0","4","4"
"42514","0","1","1"
"44101","6","6","12"
"49486","5","25","30"
"49923","2","1","3"
"51141","2","9","11"
"53133","8","8","16"
"46978","297","612","909"
"45294","8","12","20"
"52836","2","2","4"
"43054","10","20","30"
"43473","13","20","33"
"43738","6","0","6"
"48856","2","2","4"
"51497","5","8","13"
"47712","0","1","1"
"42715","1","4","5"
"44109","5","8","13"
"52200","16","8","24"
"53955","4","6","10"
"50329","12","14","26"
"47290","4","5","9"
"51089","3","3","6"
"44914","0","1","1"
"47613","1","0","1"
"52106","15","20","35"
"51208","5","8","13"
"43227","1","0","1"
"48610","5","5","10"
"51421","465","138","603"
"46098","1","1","2"
"53422","1","1","2"
"51774","40","48","88"
"47346","7","7","14"
"45192","2","8","10"
"54439","0","4","4"
"54410","1","2","3"
"53250","4","1","5"
"51216","6","7","13"
"45831","25","10","35"
"47379","7","5","12"
"50140","13","10","23"
"47946","0","2","2"
"48245","297","612","909"
"48934","10","37","47"
"47030","0","2","2"
"54927","6","6","12"
"53799","15","19","34"
"48470","42","78","120"
"52436","6","6","12"
"49548","4","9","13"
"47518","19","8","27"
"50806","1","9","10"
"51115","1","0","1"
"53274","5","10","15"
"47065","200","166","366"
"48857","0","26","26"
"53976","5","12","17"
"47800","8","21","29"
"47673","0","2","2"
"44032","0","3","3"
"51114","40","50","90"
"46559","1","0","1"
"47786","8","16","24"
"51940","10","8","18"
"53529","0","2","2"
"55557","4","7","11"
"42507","2","16","18"
"45062","0","5","5"
"48627","0","6","6"
"49138","3","0","3"
"43295","2","1","3"
"55607","50","80","130"
"51650","2","3","5"
"47452","10","20","30"
"42846","12","21","33"
"50778","12","35","47"
"44677","16","3","19"
"45556","5","5","10"
"42739","5","5","10"
"51121","0","1","1"
"43498","5","20","25"
"45163","1","3","4"
"47440","3","12","15"
"46237","2","6","8"
"46278","8","20","28"
"43779","12","23","35"
"52852","1","0","1"
"44741","2","2","4"
"54593","2","5","7"
"49338","0","6","6"
"53109","4","1","5"
"48459","6","20","26"
"55218","0","1","1"
"49082","30","50","80"
"46104","5","11","16"
"54955","2","6","8"
"43714","4","0","4"
"46432","0","7","7"
"49304","4","8","12"
"49735","5","28","33"
"50118","2","5","7"
"42877","7","18","25"
"55550","1","1","2"
"51699","0","16","16"
"49832","","","3"
"55500","12","7","19"
"42952","2","0","2"
"47416","2","5","7"
"47424","0","8","8"
"44502","6","10","16"
"51225","188","95","283"
"49213","5","9","14"
"47676","3","0","3"
"44197","2","0","2"
"45134","1","2","3"
"53320","9","5","14"
"55641","4","0","4"
"43947","0","7","7"
"50824","25","48","73"
"42388","5","5","10"
"47811","27","28","55"
"52610","6","1","7"
"52188","4","5","9"
"49027","6","18","24"
"50919","11","4","15"
"47442","2","0","2"
"45507","8","5","13"
"42382","10","13","23"
"49033","0","1","1"
"46683","2","0","2"
"46600","4","2","6"
"44080","4","8","12"
"44581","5","0","5"
"50497","2","10","12"
"52723","12","14","26"
"46392","4","1","5"
"50291","28","41","69"
"55128","13","9","22"
"46485","0","3","3"
"44899","3","5","8"
"43464","2","9","11"
"50577","8","10","18"
"47599","14","0","14"
"45158","1","6","7"
"51262","1","3","4"
"50736","4","9","13"
"54018","40","24","64"
"49885","60","30","90"
"42638","0","2","2"
"48342","3","2","5"
"43125","0","1","1"
"50862","6","7","13"
"51677","86","30","116"
"52892","120","96","216"
"52899","0","4","4"
"53294","32","106","138"
"55381","31","0","31"
"45900","16","16","32"
"48294","10","40","50"
"49762","6","10","16"
"48112","4","8","12"
"48041","190","124","314"
"55406","3","10","13"
"49867","8","1","9"
"55118","40","20","60"
"49354","3","19","22"
"45773","5","4","9"
"46817","10","10","20"
"42824","2","4","6"
"50411","15","3","18"
"53826","13","28","41"
"52134","40","32","72"
"46381","2","2","4"
"47623","504","810","1314"
"55830","5","5","10"
"45646","0","42","42"
"46304","1","1","2"
"42953","4","6","10"
"52952","6","8","14"
"45057","2","2","4"
"55242","5","10","15"
"51183","9","7","16"
"46656","7","10","17"
"44743","8","4","12"
"46657","8","9","17"
"51132","5","17","22"
"53505","0","1","1"
"45162","0","1","1"
"53158","0","135","135"
"55202","3","8","11"
"46340","10","8","18"
"49378","6","6","12"
"46273","48","38","86"
"51486","2","2","4"
"48514","9","8","17"
"54969","4","6","10"
"55015","5","25","30"
"55223","10","0","10"
"44831","0","6","6"
"45982","14","20","34"
"50150","10","50","60"
"55730","5","3","8"
"52096","6","4","10"
"46802","6","13","19"
"49039","13","11","24"
"46574","1","3","4"
"51567","30","21","51"
"50122","20","29","49"
"55228","4","8","12"
"48177","1","1","2"
"51721","0","7","7"
"46775","11","12","23"
"47810","3","0","3"
"45945","2","12","14"
"44967","10","8","18"
"50641","13","18","31"
"43049","12","16","28"
"47925","2","5","7"
"47699","1","1","2"
"43216","5","8","13"
"48273","3","1","4"
"43182","6","5","11"
"48106","10","11","21"
"48020","10","5","15"
"50022","2","0","2"
"42858","2","8","10"
"55648","5","30","35"
"53679","15","36","51"
"46668","34","32","66"
"51468","5","6","11"
"50853","2","1","3"
"51157","5","8","13"
"53907","0","8","8"
"49532","8","1","9"
"49007","8","24","32"
"43880","2","6","8"
"53214","1","2","3"
"45645","9","16","25"
"48150","7","10","17"
"52152","4","2","6"
"47385","2","8","10"
"45390","0","1","1"
"46837","1","1","2"
"43574","6","8","14"
"53182","12","10","22"
"46586","2","2","4"
"50398","2","1","3"
"46879","1","1","2"
"53290","47","0","47"
"49539","0","2","2"
"51236","10","20","30"
"54100","4","15","19"
"55754","1","5","6"
"55883","8","16","24"
"47449","1","1","2"
"55816","2","2","4"
"43865","11","16","27"
"47988","1","2","3"
"47949","470","127","597"
"51796","2","2","4"
"44432","0","5","5"
"49572","10","30","40"
"55085","1","1","2"
"47760","2","3","5"
"52694","25","5","30"
"51073","1","1","2"
"46213","6","19","25"
"48948","0","14","14"
"48048","2","6","8"
"54181","3","4","7"
"49928","7","6","13"
"47637","112","33","145"
"55895","4","4","8"
"43747","5","7","12"
"52079","0","4","4"
"50735","0","1","1"
"46754","2","6","8"
"42153","44","36","80"
"55846","1","2","3"
"55484","2","5","7"
"44073","2","6","8"
"44922","12","11","23"
"44882","265","157","422"
"48316","2","3","5"
"49569","0","16","16"
"42330","2","3","5"
"45753","2","10","12"
"47525","16","15","31"
"43776","7","16","23"
"49992","4","0","4"
"42079","2","7","9"
"44535","49","28","77"
"44880","1","20","21"
"48153","6","8","14"
"43997","0","1","1"
"42444","23","88","111"
"55683","193","272","465"
"46085","12","25","37"
"45840","5","8","13"
"43483","21","0","21"
"45350","7","4","11"
"52088","12","30","42"
"51608","2","10","12"
"46175","20","13","33"
"48008","13","10","23"
"55102","1","11","12"
"51293","5","33","38"
"47761","0","3","3"
"42313","2","4","6"
"55245","4","8","12"
"46707","0","1","1"
"42639","4","4","8"
"53379","4","25","29"
"53986","0","46","46"
"42779","4","1","5"
"46741","55","60","115"
"50758","5","0","5"
"45545","0","1","1"
"47450","4","2","6"
"42697","5","7","12"
"54892","2","5","7"
"49598","4","13","17"
"51302","250","90","340"
"45542","3","4","7"
"43694","5","8","13"
"49280","156","101","257"
"55712","14","5","19"
"53607","10","15","25"
"44498","3","9","12"
"46333","12","12","24"
"44387","1","2","3"
"49437","0","8","8"
"49635","0","2","2"
"42898","2","3","5"
"48817","14","48","62"
"48460","4","5","9"
"50518","4","8","12"
"46585","0","2","2"
"50076","0","5","5"
"44973","3","25","28"
"49829","40","10","50"
"47035","8","14","22"
"44446","4","2","6"
"47066","30","45","75"
"53611","7","19","26"
"45581","15","25","40"
"46631","25","12","37"
"53601","15","19","34"
"54193","1","0","1"
"51323","12","15","27"
"48764","51","84","135"
"47269","0","2","2"
"53881","2","3","5"
"52895","20","14","34"
"53675","0","12","12"
"54339","24","16","40"
"44900","4","6","10"
"54419","0","9","9"
"49933","20","0","20"
"43589","4","0","4"
"52887","0","2","2"
"45136","5","15","20"
"45709","8","14","22"
"47048","10","20","30"
"50789","3","8","11"
"51056","2","4","6"
"42284","7","10","17"
"42860","5","9","14"
"55565","3","21","24"
"42891","0","1","1"
"45636","37","74","111"
"52104","10","10","20"
"48690","0","10","10"
"47224","1","2","3"
"54776","0","25","25"
"42546","5","15","20"
"45734","0","4","4"
"50791","0","10","10"
"54814","502","109","611"
"54348","10","1","11"
"43218","3","5","8"
"45789","0","3","3"
"44325","9","9","18"
"43471","4","0","4"
"46512","8","21","29"
"47649","6","2","8"
"50011","4","6","10"
"54760","1","2","3"
"51802","2","2","4"
"48645","0","3","3"
"52245","1","0","1"
"48288","24","75","99"
"42623","2","4","6"
"46221","8","12","20"
"54276","10","25","35"
"49723","5","23","28"
"46142","12","8","20"
"49451","40","29","69"
"49845","2","2","4"
"45310","0","4","4"
"51933","4","3","7"
"53709","4","2","6"
"43645","5","12","17"
"55589","4","7","11"
"55141","140","65","205"
"52338","60","72","132"
"46091","9","16","25"
"50359","5","20","25"
"48887","4","6","10"
"48072","0","9","9"
"52300","3","3","6"
"51539","44","63","107"
"44840","3","0","3"
"42390","8","13","21"
"48539","3","5","8"
"51804","9","13","22"
"50873","4","8","12"
"45142","3","16","19"
"53853","23","16","39"
"55020","58","41","99"
"46634","0","1","1"
"42240","2","2","4"
"55537","0","3","3"
"42283","0","12","12"
"43786","4","8","12"
"47597","10","10","20"
"48615","3","3","6"
"47490","18","32","50"
"48133","23","60","83"
"47747","5","5","10"
"44587","2","2","4"
"46783","2","0","2"
"47710","15","28","43"
"51676","6","9","15"
"53159","2","8","10"
"43876","1","1","2"
"54897","7","22","29"
"44384","1","3","4"
"51248","1","1","2"
"51722","14","9","23"
"45383","10","6","16"
"45866","39","15","54"
"54978","32","73","105"
"54525","4","4","8"
"50106","46","66","112"
"54216","10","26","36"
"55132","7","13","20"
"47182","5","0","5"
"43185","12","20","32"
"48307","9","6","15"
"54828","6","10","16"
"43385","10","4","14"
"42468","3","5","8"
"46285","0","15","15"
"48760","3","7","10"
"48888","42","63","105"
"53983","24","5","29"
"51219","1","3","4"
"52556","3","0","3"
"54746","3","8","11"
"50024","0","8","8"
"51376","10","3","13"
"45819","3","5","8"
"49339","25","60","85"
"53763","0","2","2"
"52355","2","1","3"
"43848","15","20","35"
"48088","5","1","6"
"45055","5","8","13"
"48585","10","18","28"
"49367","0","8","8"
"54022","20","28","48"
"43680","2","5","7"
"45437","13","9","22"
"46010","5","6","11"
"54305","40","40","80"
"43578","0","4","4"
"50154","17","20","37"
"46713","26","29","55"
"50981","0","3","3"
"53755","3","8","11"
"50194","8","8","16"
"44081","12","9","21"
"48536","13","36","49"
"44017","1","0","1"
"46411","4","8","12"
"47715","10","10","20"
"44268","3","7","10"
"47785","10","12","22"
"44730","4","8","12"
"48600","20","15","35"
"42982","0","1","1"
"49423","6","28","34"
"51305","1","3","4"
"51869","10","5","15"
"55697","6","8","14"
"49684","1","2","3"
"55750","8","10","18"
"44431","0","1","1"
"47606","2","2","4"
"47728","3","2","5"
"53194","18","119","137"
"55038","2","3","5"
"50785","14","14","28"
"54372","12","12","24"
"55584","1","13","14"
"55714","2","3","5"
"46986","4","5","9"
"55322","12","16","28"
"44179","8","9","17"
"51341","1","1","2"
"43468","11","24","35"
"46699","0","2","2"
"45733","5","2","7"
"46771","1","0","1"
"55710","78","224","302"
"50447","2","0","2"
"54675","3","5","8"
"45648","0","6","6"
"50500","6","4","10"
"53317","14","17","31"
"46570","4","10","14"
"48962","4","24","28"
"45606","1","1","2"
"45519","24","48","72"
"53420","5","10","15"
"45975","36","32","68"
"55787","448","212","660"
"53309","38","35","73"
"47310","2","0","2"
"47010","14","57","71"
"53404","2","0","2"
"48606","0","1","1"
"47412","18","23","41"
"50614","2","2","4"
"45869","11","9","20"
"52683","0","2","2"
"48665","18","10","28"
"43582","4","4","8"
"47933","4","6","10"
"53440","15","15","30"
"46100","1","2","3"
"49932","1","1","2"
"52517","10","20","30"
"50211","13","8","21"
"51667","0","2","2"
"45476","7","3","10"
"55679","16","20","36"
"42371","1","1","2"
"55758","4","8","12"
"48129","6","13","19"
"45837","2","10","12"
"46441","24","42","66"
"49446","5","10","15"
"53745","2","3","5"
"55180","63","67","130"
"55786","342","267","609"
"42976","10","18","28"
"45500","7","18","25"
"51351","0","5","5"
"52775","5","9","14"
"55747","4","0","4"
"51198","","","1"
"43572","0","5","5"
"43262","13","10","23"
"47959","10","5","15"
"53209","0","1","1"
"42501","5","28","33"
"43382","56","19","75"
"52342","13","13","26"
"48337","10","10","20"
"54328","171","43","214"
"51389","1","0","1"
"50039","5","29","34"
"47029","0","2","2"
"49676","6","0","6"
"55075","5","5","10"
"43538","0","4","4"
"49005","4","0","4"
"55257","4","18","22"
"48919","42","12","54"
"46752","16","40","56"
"54914","4","6","10"
"43345","2","2","4"
"49469","1","1","2"
"45761","11","8","19"
"48483","8","6","14"
"47142","1","2","3"
"47780","4","4","8"
"54268","6","12","18"
"49392","28","4","32"
"50545","0","2","2"
"47701","10","10","20"
"55775","3","3","6"
"46046","33","37","70"
"44324","36","108","144"
"47284","14","6","20"
"42573","7","6","13"
"42679","4","7","11"
"48232","1","3","4"
"42591","0","2","2"
"53896","118","75","193"
"49267","10","0","10"
"50850","2","13","15"
"49541","7","1","8"
"51464","8","8","16"
"52429","45","26","71"
"53024","0","2","2"
"46182","5","23","28"
"54842","2","4","6"
"55817","5","9","14"
"46572","8","26","34"
"51338","4","0","4"
"45014","90","80","170"
"53525","0","12","12"
"54344","5","10","15"
"45126","6","3","9"
"47495","8","8","16"
"44087","0","4","4"
"50027","2","2","4"
"51952","27","42","69"
"49633","15","6","21"
"48540","17","35","52"
"53332","1","1","2"
"49321","2","0","2"
"47886","2","5","7"
"52363","41","56","97"
"47836","9","11","20"
"51203","0","3","3"
"51905","297","612","909"
"42870","10","12","22"
"45879","6","5","11"
"46723","5","6","11"
"50795","26","74","100"
"55632","7","0","7"
"55488","2","5","7"
"55643","11","8","19"
"45797","2","10","12"
"47457","34","44","78"
"45489","8","15","23"
"45359","0","2","2"
"53769","0","5","5"
"44593","23","16","39"
"48568","44","73","117"
"42931","54","0","54"
"45996","2","0","2"
"48744","18","25","43"
"52782","0","8","8"
"44371","3","0","3"
"50238","10","20","30"
"54754","8","8","16"
"53149","0","4","4"
"55668","1","3","4"
"55881","5","7","12"
"44233","3","3","6"
"47090","2","8","10"
"46983","297","612","909"
"50796","3","1","4"
"45824","6","6","12"
"46295","6","0","6"
"50870","6","16","22"
"44762","4","7","11"
"47210","1","3","4"
"50928","24","49","73"
"50888","2","2","4"
"53037","6","8","14"
"48146","7","10","17"
"52091","10","10","20"
"55317","5","7","12"
"55486","24","33","57"
"42990","3","0","3"
"43051","16","30","46"
"43989","3","0","3"
"49835","7","19","26"
"52626","10","13","23"
"43328","2","3","5"
"44943","5","10","15"
"48771","11","29","40"
"53954","2","6","8"
"48289","2","0","2"
"48199","2","2","4"
"54203","10","30","40"
"47705","5","15","20"
"51140","10","15","25"
"51851","1","7","8"
"50388","2","1","3"
"49756","6","24","30"
"52493","11","14","25"
"49648","1","1","2"
"53134","3","6","9"
"55567","20","25","45"
"42820","8","12","20"
"44442","3","32","35"
"43906","8","11","19"
"46033","0","1","1"
"55511","1","2","3"
"50625","20","12","32"
"43932","8","16","24"
"45211","4","4","8"
"51187","0","2","2"
"48060","10","19","29"
"50197","7","2","9"
"52389","0","5","5"
"46343","0","5","5"
"51478","2","1","3"
"50744","2","5","7"
"50372","2","1","3"
"51226","12","10","22"
"51329","154","181","335"
"46722","8","9","17"
"48904","4","4","8"
"55492","2","2","4"
"50346","4","3","7"
"44567","0","5","5"
"49287","13","9","22"
"44521","0","1","1"
"55603","3","4","7"
"49850","24","12","36"
"52918","21","38","59"
"48788","9","7","16"
"55214","5","8","13"
"47589","16","32","48"
"52392","4","5","9"
"55276","284","240","524"
"49978","6","15","21"
"49356","1","2","3"
"49972","10","20","30"
"45431","5","5","10"
"45059","10","15","25"
"47656","5","7","12"
"54640","26","1","27"
"42106","2","5","7"
"42604","25","74","99"
"53979","26","30","56"
"51689","17","20","37"
"45813","1","0","1"
"45495","3","6","9"
"54078","0","3","3"
"46941","0","10","10"
"51005","15","21","36"
"55675","1","4","5"
"52384","15","20","35"
"52721","206","109","315"
"45799","18","11","29"
"52708","18","15","33"
"45825","0","1","1"
"49695","10","46","56"
"44661","0","4","4"
"44520","0","3","3"
"46117","6","17","23"
"51122","12","17","29"
"42825","3","0","3"
"51705","25","30","55"
"46943","32","18","50"
"46066","5","10","15"
"42200","10","18","28"
"47531","27","34","61"
"50510","2","4","6"
"44316","6","0","6"
"42710","8","16","24"
"47541","20","15","35"
"49920","12","30","42"
"54925","5","20","25"
"49549","266","136","402"
"52172","78","75","153"
"50433","0","4","4"
"46429","5","13","18"
"42466","1","0","1"
"48965","1","7","8"
"42717","5","6","11"
"47753","0","5","5"
"54411","40","53","93"
"46800","13","5","18"
"44455","0","4","4"
"51025","8","2","10"
"42669","0","9","9"
"44645","1","3","4"
"52438","4","5","9"
"52083","","","15"
"47166","5","20","25"
"52784","15","8","23"
"55529","16","18","34"
"54860","0","1","1"
"43607","5","10","15"
"47163","1","0","1"
"52579","10","23","33"
"47947","0","5","5"
"42205","0","17","17"
"49630","4","5","9"
"44753","3","13","16"
"45343","7","6","13"
"45832","2","2","4"
"54886","3","17","20"
"54066","3","5","8"
"43915","4","8","12"
"50715","14","69","83"
"43660","7","8","15"
"50479","6","6","12"
"54008","10","30","40"
"55216","1","1","2"
"50241","16","30","46"
"55346","10","14","24"
"48997","10","1","11"
"49015","4","15","19"
"48683","28","16","44"
"44584","5","7","12"
"50624","215","70","285"
"49124","5","15","20"
"55030","25","15","40"
"45360","7","5","12"
"52639","22","24","46"
"55810","1","10","11"
"52328","26","24","50"
"45690","2","3","5"
"43730","12","8","20"
"46147","10","6","16"
"45322","4","8","12"
"45376","85","198","283"
"46999","14","7","21"
"53777","102","134","236"
"45573","46","0","46"
"54752","1","5","6"
"44776","0","3","3"
"46853","13","15","28"
"50026","5","35","40"
"49119","26","30","56"
"55720","5","6","11"
"54282","0","1","1"
"47289","25","20","45"
"49468","6","48","54"
"50377","3","3","6"
"47981","15","13","28"
"45550","4","5","9"
"50000","1","3","4"
"52814","0","2","2"
"46086","0","10","10"
"47140","18","9","27"
"55928","16","10","26"
"47243","1","2","3"
"48883","2","5","7"
"55677","3","10","13"
"48322","0","2","2"
"52573","2","10","12"
"47239","0","2","2"
"45965","34","32","66"
"53597","2","2","4"
"50215","3","1","4"
"44131","7","8","15"
"44657","4","7","11"
"46588","5","9","14"
"55746","5","13","18"
"45706","8","14","22"
"46044","5","26","31"
"43887","0","2","2"
"52437","4","8","12"
"55001","30","50","80"
"51813","8","12","20"
"54841","2","5","7"
"44167","136","95","231"
"52160","48","15","63"
"42900","4","8","12"
"50872","5","0","5"
"44094","0","2","2"
"45997","6","10","16"
"43513","1","7","8"
"47953","0","14","14"
"51043","4","14","18"
"54149","0","2","2"
"48339","0","3","3"
"51029","15","15","30"
"45051","2","7","9"
"47255","4","0","4"
"51387","3","12","15"
"50794","6","5","11"
"50689","1","1","2"
"50868","18","12","30"
"43407","25","30","55"
"47983","1","5","6"
"55424","2","3","5"
"45339","0","1","1"
"46569","2","0","2"
"47787","10","26","36"
"51661","19","154","173"
"52585","3","18","21"
"53551","6","3","9"
"51436","2","0","2"
"51753","2","10","12"
"52630","30","38","68"
"42970","4","4","8"
"46994","29","85","114"
"49780","3","5","8"
"43778","0","2","2"
"53301","0","36","36"
"50578","27","32","59"
"43745","3","8","11"
"50592","40","32","72"
"45531","45","89","134"
"49463","6","3","9"
"52603","0","1","1"
"54521","7","7","14"
"48761","12","16","28"
"42528","1","1","2"
"51779","4","0","4"
"43647","9","15","24"
"45835","1","1","2"
"54252","9","7","16"
"42854","2","14","16"
"42620","0","2","2"
"43868","3","12","15"
"53683","3","2","5"
"51995","0","2","2"
"52645","5","10","15"
"49286","9","7","16"
"42422","1","1","2"
"52399","10","6","16"
"51573","0","32","32"
"42634","128","32","160"
"51353","14","33","47"
"46484","5","5","10"
"51871","2","4","6"
"54049","15","10","25"
"52586","10","10","20"
"55868","12","5","17"
"44577","0","2","2"
"45109","3","7","10"
"49101","5","7","12"
"54631","0","2","2"
"45952","78","55","133"
"44222","4","3","7"
"52819","5","8","13"
"55936","2","8","10"
"54109","25","25","50"
"53678","4","17","21"
"55067","4","10","14"
"50023","2","2","4"
"52108","8","20","28"
"55925","6","2","8"
"48485","4","4","8"
"48083","20","50","70"
"52401","0","4","4"
"52052","71","73","144"
"47912","0","1","1"
"49231","4","5","9"
"43384","0","1","1"
"51531","12","28","40"
"52496","89","45","134"
"54472","10","15","25"
"45707","10","10","20"
"42178","1","0","1"
"54870","2","2","4"
"51638","34","45","79"
"49065","1","2","3"
"52707","4","10","14"
"54378","1","1","2"
"42294","5","7","12"
"50906","23","12","35"
"51233","5","10","15"
"55101","5","5","10"
"45508","30","39","69"
"52482","4","12","16"
"48849","2","6","8"
"49393","9","15","24"
"43597","27","12","39"
"48174","5","4","9"
"49732","1","1","2"
"55661","10","15","25"
"54330","0","3","3"
"54363","6","12","18"
"45113","11","29","40"
"46467","3","1","4"
"52143","7","62","69"
"51852","15","15","30"
"53226","0","1","1"
"54123","20","17","37"
"50470","40","20","60"
"52745","5","2","7"
"45244","13","11","24"
"44693","40","60","100"
"48446","1","1","2"
"44837","30","80","110"
"50574","0","2","2"
"42175","4","1","5"
"52042","5","1","6"
"49611","12","30","42"
"49846","2","3","5"
"52750","36","32","68"
"53750","1","2","3"
"43625","4","14","18"
"50048","18","3","21"
"55266","7","7","14"
"52831","3","6","9"
"55821","3","6","9"
"45544","3","4","7"
"46245","24","19","43"
"44420","20","11","31"
"52927","15","12","27"
"44742","1","4","5"
"47016","13","12","25"
"50203","10","16","26"
"51463","6","0","6"
"45089","0","150","150"
"45822","14","8","22"
"45031","10","15","25"
"50776","7","40","47"
"48077","0","6","6"
"54687","2","3","5"
"50449","14","13","27"
"51126","0","1","1"
"44647","8","10","18"
"54075","4","4","8"
"44287","625","175","800"
"47191","7","17","24"
"49988","2","5","7"
"52771","5","2","7"
"47003","10","4","14"
"54517","0","5","5"
"43556","5","7","12"
"50316","0","24","24"
"51631","5","15","20"
"46513","4","4","8"
"50685","20","26","46"
"47614","31","34","65"
"47437","2","0","2"
"46530","0","2","2"
"49856","1","1","2"
"53938","81","18","99"
"42610","2","4","6"
"55525","10","12","22"
"48361","2","3","5"
"53183","4","9","13"
"45625","5","2","7"
"47338","14","38","52"
"48942","10","5","15"
"47077","12","13","25"
"55899","150","50","200"
"52044","0","1","1"
"53381","5","6","11"
"47323","6","7","13"
"53304","0","45","45"
"43782","15","40","55"
"47202","1","0","1"
"46058","31","32","63"
"48449","11","8","19"
"55164","15","17","32"
"45172","0","8","8"
"51789","10","8","18"
"46546","18","32","50"
"51452","8","37","45"
"43202","1","0","1"
"55435","24","44","68"
"48914","16","20","36"
"47849","0","5","5"
"53757","18","15","33"
"46227","4","12","16"
"54511","5","9","14"
"55014","17","8","25"
"48368","4","11","15"
"54329","20","0","20"
"48605","15","9","24"
"43011","8","20","28"
"45277","102","138","240"
"55475","34","30","64"
"47908","3","3","6"
"54364","13","15","28"
"52957","4","2","6"
"44322","6","3","9"
"48130","2","6","8"
"49993","2","0","2"
"52540","13","26","39"
"43891","60","30","90"
"42655","9","23","32"
"52021","4","4","8"
"54345","1","0","1"
"47944","2","3","5"
"55637","5","6","11"
"52265","75","120","195"
"42681","1","0","1"
"54273","9","15","24"
"46060","2","7","9"
"52762","3","5","8"
"42883","1","4","5"
"46292","3","7","10"
"44473","12","16","28"
"50963","5","10","15"
"42586","1","0","1"
"48016","1","1","2"
"43799","4","10","14"
"43084","8","15","23"
"43043","0","2","2"
"47355","8","19","27"
"46150","10","5","15"
"55079","19","6","25"
"49137","14","26","40"
"52879","2","0","2"
"46039","21","25","46"
"52769","7","11","18"
"47200","60","80","140"
"53073","22","70","92"
"44533","3","0","3"
"48207","5","13","18"
"49706","10","30","40"
"48915","5","41","46"
"52608","165","213","378"
"53947","11","24","35"
"51574","5","10","15"
"51580","5","7","12"
"45478","4","4","8"
"49866","297","612","909"
"48053","10","4","14"
"54223","1","3","4"
"47566","10","32","42"
"45970","2","4","6"
"45380","9","8","17"
"49057","16","18","34"
"50591","6","11","17"
"55366","120","84","204"
"46682","12","12","24"
"50515","2","2","4"
"47160","26","80","106"
"52843","2","0","2"
"47839","1","3","4"
"52335","6","9","15"
"49106","18","52","70"
"43718","0","1","1"
"46161","10","25","35"
"53621","2","0","2"
"53220","3","3","6"
"50050","4","5","9"
"47854","8","36","44"
"54785","2","12","14"
"46415","311","69","380"
"47084","5","12","17"
"51756","15","40","55"
"53843","2","1","3"
"52271","11","14","25"
"45510","2","2","4"
"43127","7","10","17"
"45730","0","24","24"
"44576","3","12","15"
"47180","1","2","3"
"53236","1","3","4"
"52002","15","35","50"
"53998","4","3","7"
"44879","25","17","42"
"54598","2","6","8"
"51046","0","4","4"
"47465","5","6","11"
"42152","1","2","3"
"47260","6","27","33"
"50353","4","9","13"
"55303","24","19","43"
"46114","4","2","6"
"45100","0","1","1"
"48929","4","10","14"
"52933","10","22","32"
"46055","3","1","4"
"53949","8","16","24"
"52880","0","5","5"
"42945","25","88","113"
"50423","4","15","19"
"55232","0","6","6"
"45525","2","6","8"
"52720","116","38","154"
"50895","4","7","11"
"55837","169","131","300"
"50751","992","607","1599"
"50802","3","6","9"
"52442","6","10","16"
"48292","6","4","10"
"54921","2","2","4"
"48705","0","24","24"
"55823","5","5","10"
"51355","5","11","16"
"46806","2","1","3"
"48164","0","2","2"
"43367","0","8","8"
"44063","4","2","6"
"42711","42","20","62"
"44124","8","10","18"
"49420","0","2","2"
"46935","6","15","21"
"46123","12","23","35"
"49215","1","7","8"
"48628","17","32","49"
"51935","0","10","10"
"53096","1","0","1"
"51568","9","21","30"
"46925","1","0","1"
"55519","1","7","8"
"48878","5","7","12"
"49973","30","20","50"
"45907","6","14","20"
"53193","2","7","9"
"55176","23","28","51"
"50012","0","2","2"
"54941","2","6","8"
"52606","0","2","2"
"52861","2","5","7"
"51296","1","36","37"
"50950","11","12","23"
"49272","6","4","10"
"50915","21","31","52"
"49040","2","6","8"
"42217","17","7","24"
"42572","8","8","16"
"43964","2","3","5"
"45703","0","1","1"
"53011","3","7","10"
"50146","2","2","4"
"55636","0","5","5"
"51859","15","6","21"
"55441","5","8","13"
"46803","4","12","16"
"53532","2","6","8"
"50456","612","224","836"
"50980","72","144","216"
"54566","5","16","21"
"54992","2","5","7"
"46520","1","2","3"
"45006","25","132","157"
"48152","9","14","23"
"45276","6","2","8"
"50303","25","58","83"
"50763","2","0","2"
"54902","50","0","50"
"46505","3","21","24"
"47201","2","6","8"
"45539","3","3","6"
"53178","108","63","171"
"47538","12","16","28"
"53392","12","11","23"
"55178","2","2","4"
"53489","8","10","18"
"53636","3","2","5"
"49603","6","48","54"
"44172","6","7","13"
"54493","0","2","2"
"54580","2","3","5"
"55273","13","30","43"
"55348","7","7","14"
"42667","17","12","29"
"51626","8","0","8"
"53405","1","7","8"
"43460","15","15","30"
"48067","1","0","1"
"55827","106","88","194"
"42827","2","0","2"
"47164","3","1","4"
"53216","223","126","349"
"51827","0","20","20"
"42531","14","29","43"
"51083","10","5","15"
"47842","595","129","724"
"54052","6","24","30"
"42790","5","8","13"
"46230","1","1","2"
"42086","3","3","6"
"45461","1","8","9"
"50124","4","5","9"
"50299","2","15","17"
"45818","2","10","12"
"48057","50","30","80"
"43199","3","0","3"
"44759","2","15","17"
"48021","12","18","30"
"45913","8","19","27"
"52511","1","2","3"
"53610","6","13","19"
"46346","10","41","51"
"48329","3","5","8"
"52963","10","8","18"
"53687","8","7","15"
"48069","2","1","3"
"52089","10","12","22"
"45916","69","134","203"
"48051","12","1","13"
"44652","4","3","7"
"42619","6","15","21"
"54597","0","3","3"
"42722","8","16","24"
"53324","4","11","15"
"46527","15","19","34"
"50158","10","14","24"
"46250","0","1","1"
"47181","4","10","14"
"52353","8","6","14"
"55358","7","5","12"
"48881","0","1","1"
"43836","2","0","2"
"43496","3","3","6"
"43003","4","24","28"
"44152","12","16","28"
"52102","0","3","3"
"49271","0","9","9"
"45852","2","5","7"
"47123","0","3","3"
"52580","2","0","2"
"43790","8","24","32"
"46081","5","10","15"
"55765","8","12","20"
"52647","2","2","4"
"49360","8","8","16"
